2 23 59 97 137 46 4 1
3 29 61 101 139 87 9 1
5 31 67 103 149 155 25 1
7 19 71 107 151 49 133 1
11 17 73 109 157 121 199 1 187
13 43 79 113 163 169 197 1
41 47 83 127 167 179 193 1
37 53 89 131 173 181 191 1

use this one below (score of 9):
1 2 4 8 16 32 64 128 199
1 3 9 27 31 81 93 41 123
1 5 25 29 125 145 157 37 185
1 7 23 49 161 139 137 113 109
1 11 17 121 187 103 101 97 79
1 13 19 169 73 71 67 61 59
1 47 83 127 167 179 193 43 149
1 53 89 131 173 181 191 151 197 

1 2 4 8 16 32 64 128 97 194 done
1 3 9 27 81 59 177 61 183 need 1 more
1 5 25 125 37 185 31 155 29 145 
1 7   49  23  161 19  133  
1 11  121 17  187 13  169 143 
1 103 101 89  83  79  73  71  67  53  
1 157 151 149 139 137 131 127 113 109
1 199 197 193 191 181 179 173 167 163