10794
55 245
56 240
56 241
56 243
56 251
56 256
56 257
57 238
57 239
57 241
57 242
57 245
58 236
58 238
58 242
58 247
58 256
58 258
59 233
59 235
59 241
59 246
59 254
60 226
60 228
60 231
60 232
60 233
60 234
60 235
60 243
60 255
60 263
60 264
60 267
60 268
61 227
61 228
61 231
61 234
61 242
61 251
61 256
61 257
61 259
61 270
62 223
62 231
62 237
62 244
62 256
62 258
62 265
62 272
63 220
63 225
63 238
63 242
63 245
63 246
63 252
63 253
63 254
63 258
63 262
63 264
63 266
63 268
63 269
63 270
63 273
64 224
64 230
64 231
64 233
64 239
64 241
64 243
64 244
64 250
64 251
64 252
64 255
64 258
64 261
64 286
65 222
65 228
65 229
65 234
65 236
65 237
65 238
65 241
65 243
65 247
65 251
65 253
65 255
65 262
65 263
65 264
65 283
65 285
65 286
65 288
65 292
65 293
66 218
66 220
66 222
66 224
66 225
66 237
66 248
66 250
66 251
66 256
66 266
66 286
66 287
66 289
66 294
66 296
66 298
67 217
67 218
67 219
67 224
67 226
67 228
67 229
67 239
67 245
67 249
67 250
67 252
67 253
67 260
67 261
67 263
67 265
67 266
67 287
67 288
67 289
67 294
67 297
68 217
68 218
68 225
68 233
68 239
68 240
68 247
68 248
68 249
68 251
68 252
68 253
68 257
68 258
68 261
68 262
68 263
68 264
68 265
68 266
68 268
68 274
68 276
68 281
68 284
68 285
68 288
68 292
68 293
69 224
69 225
69 232
69 234
69 238
69 244
69 250
69 255
69 256
69 261
69 263
69 264
69 265
69 266
69 268
69 270
69 273
69 274
69 276
69 277
69 279
69 284
69 287
69 288
69 296
69 298
69 299
70 224
70 233
70 236
70 241
70 242
70 244
70 246
70 247
70 249
70 250
70 252
70 253
70 256
70 258
70 259
70 262
70 264
70 265
70 266
70 268
70 274
70 275
70 278
70 279
70 280
70 281
70 282
70 283
70 286
70 288
70 289
71 219
71 220
71 223
71 232
71 234
71 238
71 241
71 242
71 244
71 247
71 248
71 249
71 251
71 256
71 257
71 258
71 259
71 260
71 261
71 263
71 264
71 265
71 268
71 269
71 270
71 273
71 274
71 275
71 278
71 280
71 282
71 283
71 286
71 287
71 288
71 291
71 292
71 295
71 299
72 220
72 222
72 224
72 227
72 228
72 230
72 231
72 236
72 237
72 242
72 245
72 247
72 250
72 252
72 260
72 261
72 263
72 264
72 265
72 266
72 267
72 268
72 270
72 275
72 276
72 277
72 280
72 281
72 282
72 287
72 289
72 291
72 294
72 295
73 223
73 228
73 232
73 233
73 235
73 236
73 238
73 240
73 241
73 243
73 245
73 246
73 248
73 249
73 256
73 257
73 259
73 265
73 270
73 271
73 272
73 279
73 280
73 281
73 285
73 288
73 293
73 294
73 296
73 297
73 298
73 302
74 220
74 225
74 228
74 230
74 231
74 233
74 234
74 236
74 238
74 240
74 241
74 242
74 243
74 245
74 246
74 247
74 248
74 250
74 254
74 256
74 258
74 259
74 260
74 263
74 268
74 272
74 273
74 276
74 278
74 280
74 281
74 282
74 283
74 284
74 287
74 290
74 292
74 293
74 296
74 301
74 302
74 303
75 221
75 222
75 223
75 228
75 235
75 236
75 239
75 242
75 245
75 247
75 248
75 249
75 252
75 253
75 256
75 257
75 258
75 260
75 261
75 262
75 265
75 274
75 277
75 281
75 282
75 283
75 284
75 286
75 289
75 294
75 295
75 297
75 298
75 299
75 302
75 308
76 221
76 222
76 227
76 229
76 231
76 235
76 238
76 239
76 240
76 242
76 246
76 249
76 250
76 252
76 255
76 257
76 259
76 260
76 263
76 266
76 268
76 273
76 274
76 275
76 276
76 278
76 279
76 280
76 281
76 285
76 292
76 295
76 296
76 297
76 299
76 300
76 302
76 303
76 304
76 307
76 308
77 222
77 225
77 226
77 227
77 234
77 241
77 243
77 245
77 250
77 251
77 252
77 255
77 256
77 259
77 263
77 264
77 265
77 266
77 267
77 268
77 269
77 273
77 275
77 276
77 278
77 281
77 282
77 283
77 284
77 286
77 288
77 289
77 300
77 304
78 225
78 227
78 229
78 231
78 232
78 233
78 234
78 235
78 236
78 238
78 239
78 250
78 251
78 252
78 255
78 264
78 272
78 273
78 276
78 277
78 283
78 284
78 285
78 286
78 288
78 290
78 291
78 292
78 293
78 296
78 297
78 298
78 300
78 304
78 305
78 306
78 307
78 308
78 310
79 230
79 231
79 233
79 234
79 235
79 237
79 239
79 240
79 246
79 252
79 254
79 257
79 258
79 261
79 262
79 263
79 265
79 266
79 267
79 268
79 272
79 274
79 276
79 277
79 278
79 279
79 280
79 281
79 282
79 283
79 284
79 285
79 288
79 290
79 291
79 292
79 293
79 298
79 299
79 300
79 302
79 305
79 307
80 232
80 234
80 235
80 237
80 238
80 241
80 243
80 244
80 246
80 249
80 253
80 257
80 258
80 263
80 264
80 267
80 269
80 271
80 273
80 274
80 282
80 283
80 286
80 290
80 291
80 295
80 298
80 299
80 302
80 303
80 304
80 305
80 306
80 309
81 231
81 232
81 234
81 235
81 236
81 238
81 240
81 243
81 244
81 245
81 247
81 249
81 250
81 252
81 254
81 255
81 260
81 261
81 262
81 264
81 265
81 267
81 269
81 271
81 272
81 274
81 279
81 280
81 283
81 298
81 299
81 300
81 301
81 302
81 305
81 307
81 308
81 309
82 233
82 234
82 239
82 243
82 244
82 246
82 247
82 250
82 252
82 253
82 254
82 256
82 260
82 261
82 263
82 267
82 269
82 272
82 273
82 278
82 281
82 282
82 283
82 286
82 289
82 292
82 293
82 294
82 298
82 299
82 302
82 305
82 312
83 236
83 243
83 244
83 245
83 251
83 252
83 253
83 262
83 263
83 264
83 265
83 266
83 267
83 272
83 276
83 280
83 282
83 283
83 286
83 287
83 289
83 291
83 292
83 294
83 300
83 302
83 303
83 305
83 306
83 307
83 308
83 474
84 237
84 241
84 244
84 245
84 248
84 249
84 251
84 252
84 257
84 258
84 259
84 260
84 261
84 266
84 267
84 269
84 272
84 273
84 274
84 276
84 277
84 279
84 281
84 285
84 286
84 287
84 289
84 291
84 292
84 295
84 296
84 297
84 299
84 300
84 301
84 303
84 307
84 308
84 310
84 313
84 467
84 468
84 469
84 470
84 473
84 474
85 241
85 243
85 244
85 245
85 246
85 248
85 251
85 255
85 263
85 264
85 266
85 269
85 278
85 279
85 280
85 281
85 284
85 285
85 286
85 287
85 289
85 295
85 297
85 299
85 300
85 301
85 305
85 306
85 308
85 310
85 312
85 468
85 470
85 473
85 476
86 245
86 247
86 249
86 250
86 251
86 253
86 256
86 257
86 260
86 261
86 262
86 263
86 264
86 265
86 269
86 271
86 274
86 276
86 277
86 279
86 280
86 282
86 283
86 284
86 286
86 288
86 290
86 291
86 293
86 295
86 296
86 297
86 298
86 299
86 301
86 302
86 305
86 306
86 310
86 314
86 315
86 317
86 318
86 465
86 467
86 470
86 474
87 243
87 244
87 247
87 248
87 250
87 251
87 253
87 255
87 258
87 259
87 260
87 261
87 262
87 266
87 270
87 271
87 273
87 274
87 277
87 278
87 279
87 280
87 282
87 283
87 285
87 286
87 290
87 293
87 295
87 298
87 300
87 301
87 302
87 303
87 305
87 307
87 308
87 314
87 318
87 319
87 466
87 467
87 469
87 472
87 473
87 475
88 243
88 252
88 253
88 256
88 257
88 258
88 259
88 262
88 266
88 271
88 272
88 275
88 276
88 279
88 283
88 285
88 286
88 289
88 291
88 300
88 302
88 306
88 309
88 310
88 315
88 317
88 319
88 322
88 467
88 469
88 471
88 474
88 475
89 248
89 249
89 250
89 252
89 256
89 258
89 259
89 260
89 264
89 269
89 272
89 274
89 278
89 279
89 280
89 281
89 283
89 284
89 285
89 287
89 288
89 289
89 293
89 294
89 295
89 296
89 298
89 301
89 306
89 308
89 309
89 310
89 312
89 314
89 316
89 317
89 320
89 321
89 322
89 462
89 466
89 470
89 479
90 249
90 251
90 252
90 254
90 256
90 258
90 262
90 263
90 267
90 268
90 269
90 274
90 276
90 277
90 278
90 283
90 285
90 288
90 289
90 291
90 292
90 293
90 296
90 297
90 300
90 302
90 303
90 304
90 306
90 313
90 314
90 322
90 323
90 468
90 473
90 479
91 250
91 254
91 255
91 257
91 260
91 262
91 264
91 265
91 267
91 270
91 271
91 273
91 274
91 276
91 279
91 281
91 282
91 286
91 287
91 288
91 291
91 292
91 293
91 295
91 296
91 298
91 300
91 305
91 306
91 307
91 321
91 323
91 466
91 470
91 473
91 480
92 252
92 253
92 254
92 256
92 260
92 262
92 263
92 265
92 273
92 276
92 277
92 278
92 281
92 282
92 283
92 284
92 287
92 289
92 290
92 291
92 294
92 296
92 299
92 301
92 302
92 304
92 307
92 308
92 309
92 312
92 313
92 314
92 315
92 316
92 318
92 320
92 321
92 322
92 323
92 324
92 467
92 473
93 253
93 257
93 260
93 263
93 264
93 265
93 266
93 267
93 268
93 269
93 271
93 272
93 274
93 275
93 279
93 280
93 281
93 285
93 286
93 290
93 297
93 299
93 302
93 303
93 304
93 306
93 307
93 308
93 310
93 318
93 320
93 323
94 256
94 259
94 260
94 261
94 264
94 265
94 270
94 271
94 273
94 274
94 275
94 276
94 279
94 280
94 282
94 283
94 284
94 285
94 289
94 290
94 292
94 293
94 294
94 298
94 300
94 302
94 305
94 306
94 307
94 309
94 312
94 313
94 314
94 315
94 318
94 319
94 322
94 324
94 325
94 473
94 474
94 476
94 478
94 479
94 480
94 481
95 259
95 261
95 262
95 263
95 265
95 268
95 269
95 270
95 271
95 275
95 277
95 278
95 280
95 281
95 284
95 285
95 291
95 296
95 298
95 300
95 303
95 306
95 308
95 309
95 317
95 320
95 323
95 325
95 326
95 328
95 463
95 476
95 477
95 478
95 479
95 483
95 484
96 260
96 262
96 269
96 278
96 279
96 280
96 281
96 283
96 284
96 285
96 288
96 292
96 300
96 301
96 302
96 304
96 307
96 308
96 309
96 318
96 320
96 322
96 329
96 330
96 453
96 477
96 478
96 480
97 265
97 268
97 270
97 278
97 283
97 285
97 290
97 292
97 293
97 296
97 299
97 304
97 306
97 308
97 309
97 312
97 314
97 316
97 317
97 319
97 320
97 321
97 323
97 324
97 326
97 327
97 329
97 330
97 331
97 461
97 476
97 477
97 481
97 482
97 485
98 262
98 263
98 269
98 272
98 275
98 277
98 280
98 292
98 293
98 294
98 297
98 299
98 300
98 302
98 303
98 304
98 305
98 306
98 307
98 309
98 312
98 313
98 316
98 322
98 323
98 324
98 325
98 328
98 330
98 332
98 333
98 336
98 461
98 475
98 476
98 479
98 482
98 487
98 488
99 264
99 268
99 269
99 270
99 277
99 279
99 281
99 283
99 286
99 289
99 294
99 295
99 304
99 309
99 310
99 311
99 317
99 318
99 330
99 331
99 333
99 337
99 452
99 477
99 485
100 268
100 269
100 271
100 272
100 273
100 275
100 277
100 278
100 279
100 280
100 281
100 283
100 285
100 286
100 287
100 289
100 290
100 294
100 296
100 297
100 299
100 301
100 302
100 304
100 305
100 306
100 307
100 309
100 312
100 313
100 318
100 319
100 320
100 321
100 325
100 327
100 328
100 329
100 331
100 332
100 333
100 360
100 477
100 484
100 486
100 488
101 269
101 271
101 273
101 275
101 282
101 283
101 285
101 286
101 287
101 290
101 291
101 296
101 298
101 299
101 301
101 305
101 307
101 309
101 310
101 312
101 313
101 315
101 317
101 324
101 325
101 327
101 330
101 332
101 333
101 334
101 337
101 453
101 480
101 483
102 278
102 279
102 280
102 281
102 282
102 284
102 285
102 288
102 290
102 293
102 294
102 295
102 296
102 298
102 299
102 300
102 302
102 304
102 309
102 312
102 314
102 315
102 316
102 317
102 318
102 319
102 321
102 322
102 327
102 328
102 334
102 336
102 449
102 450
102 474
102 478
102 483
102 486
102 488
103 277
103 279
103 283
103 284
103 286
103 287
103 288
103 291
103 292
103 293
103 294
103 295
103 296
103 298
103 302
103 303
103 309
103 316
103 317
103 320
103 322
103 323
103 328
103 332
103 336
103 337
103 338
103 473
103 482
103 484
103 487
103 488
104 275
104 276
104 279
104 282
104 285
104 286
104 287
104 288
104 291
104 295
104 296
104 299
104 302
104 307
104 308
104 309
104 313
104 314
104 315
104 318
104 321
104 322
104 323
104 324
104 330
104 331
104 333
104 337
104 444
104 469
104 472
104 473
104 477
104 478
104 484
104 486
104 491
104 492
105 276
105 277
105 280
105 281
105 285
105 286
105 287
105 288
105 289
105 290
105 293
105 295
105 297
105 298
105 299
105 301
105 309
105 316
105 317
105 318
105 320
105 322
105 323
105 324
105 325
105 326
105 329
105 331
105 332
105 333
105 336
105 337
105 476
105 477
105 478
105 479
105 486
105 487
105 488
106 282
106 287
106 289
106 291
106 292
106 296
106 297
106 298
106 300
106 302
106 303
106 304
106 306
106 307
106 309
106 311
106 312
106 322
106 324
106 325
106 326
106 327
106 331
106 333
106 336
106 337
106 338
106 339
106 448
106 450
106 469
106 470
106 471
106 472
106 479
106 480
106 482
106 485
106 490
107 281
107 283
107 286
107 289
107 290
107 292
107 302
107 303
107 307
107 309
107 312
107 316
107 318
107 319
107 324
107 325
107 326
107 329
107 330
107 331
107 334
107 335
107 340
107 470
107 471
107 472
107 473
107 474
107 475
107 481
107 482
108 281
108 282
108 285
108 288
108 289
108 290
108 294
108 308
108 309
108 310
108 311
108 314
108 315
108 316
108 318
108 320
108 322
108 323
108 324
108 326
108 327
108 329
108 330
108 440
108 443
108 444
108 451
108 470
108 471
108 475
108 478
108 479
108 480
108 482
109 286
109 287
109 288
109 289
109 290
109 291
109 294
109 296
109 297
109 298
109 299
109 301
109 302
109 303
109 305
109 308
109 309
109 313
109 316
109 318
109 322
109 323
109 325
109 326
109 327
109 329
109 334
109 336
109 337
109 338
109 339
109 430
109 434
109 435
109 457
109 458
109 467
109 474
109 479
109 483
109 485
110 284
110 289
110 290
110 291
110 292
110 293
110 298
110 299
110 301
110 302
110 303
110 305
110 307
110 308
110 309
110 310
110 313
110 315
110 316
110 317
110 322
110 323
110 326
110 327
110 328
110 329
110 331
110 333
110 335
110 336
110 341
110 342
110 419
110 421
110 427
110 431
110 443
110 449
110 453
110 466
110 469
110 470
110 471
110 475
110 476
110 477
110 478
110 479
110 481
110 483
110 488
111 285
111 286
111 287
111 289
111 290
111 292
111 293
111 294
111 295
111 296
111 299
111 301
111 304
111 306
111 309
111 311
111 312
111 314
111 315
111 319
111 325
111 328
111 331
111 332
111 333
111 335
111 337
111 339
111 340
111 342
111 415
111 431
111 435
111 441
111 442
111 445
111 451
111 465
111 467
111 468
111 470
111 472
111 481
111 482
111 483
111 484
112 289
112 291
112 295
112 297
112 300
112 301
112 304
112 306
112 307
112 308
112 310
112 311
112 314
112 316
112 325
112 326
112 330
112 332
112 334
112 337
112 339
112 340
112 393
112 410
112 420
112 429
112 430
112 443
112 446
112 458
112 467
112 468
112 470
112 475
112 478
112 479
112 483
112 488
113 290
113 297
113 298
113 299
113 303
113 304
113 305
113 306
113 307
113 309
113 310
113 313
113 316
113 317
113 319
113 320
113 323
113 324
113 325
113 326
113 327
113 330
113 332
113 334
113 335
113 336
113 339
113 343
113 407
113 408
113 418
113 419
113 422
113 423
113 427
113 428
113 432
113 442
113 443
113 455
113 458
113 468
113 469
113 476
113 478
113 479
113 481
113 485
113 486
113 488
114 291
114 295
114 297
114 298
114 300
114 305
114 312
114 318
114 321
114 325
114 327
114 331
114 333
114 337
114 339
114 340
114 341
114 343
114 403
114 405
114 414
114 415
114 416
114 418
114 419
114 422
114 426
114 428
114 429
114 432
114 433
114 435
114 438
114 440
114 441
114 442
114 444
114 445
114 446
114 448
114 449
114 450
114 456
114 458
114 459
114 462
114 463
114 467
114 470
114 472
114 474
114 478
114 479
114 480
114 481
114 482
114 486
114 489
115 298
115 300
115 303
115 304
115 305
115 306
115 308
115 310
115 315
115 316
115 317
115 319
115 320
115 323
115 326
115 329
115 335
115 336
115 338
115 340
115 343
115 346
115 401
115 403
115 411
115 415
115 417
115 418
115 419
115 424
115 425
115 427
115 436
115 438
115 445
115 459
115 461
115 462
115 463
115 464
115 467
115 469
115 470
115 472
115 474
115 477
115 479
115 481
115 483
115 489
116 294
116 298
116 299
116 300
116 302
116 304
116 305
116 309
116 313
116 315
116 318
116 321
116 325
116 326
116 327
116 328
116 330
116 334
116 335
116 336
116 338
116 341
116 346
116 400
116 410
116 414
116 416
116 417
116 418
116 419
116 422
116 425
116 428
116 429
116 432
116 434
116 438
116 439
116 449
116 457
116 458
116 460
116 463
116 465
116 466
116 468
116 470
116 471
116 473
116 474
116 475
116 477
116 480
116 481
116 486
116 488
117 304
117 307
117 308
117 309
117 310
117 311
117 315
117 319
117 322
117 323
117 324
117 325
117 326
117 328
117 330
117 335
117 343
117 397
117 398
117 399
117 413
117 417
117 418
117 419
117 420
117 421
117 429
117 430
117 433
117 437
117 438
117 441
117 442
117 450
117 466
117 467
117 468
117 472
117 474
117 478
117 483
117 486
117 488
118 298
118 299
118 302
118 303
118 308
118 309
118 315
118 316
118 318
118 319
118 326
118 328
118 331
118 332
118 333
118 342
118 343
118 345
118 349
118 397
118 410
118 411
118 412
118 414
118 415
118 418
118 420
118 421
118 422
118 423
118 425
118 434
118 439
118 440
118 441
118 443
118 447
118 448
118 449
118 450
118 453
118 455
118 456
118 460
118 465
118 466
118 470
118 473
118 477
118 478
118 479
118 486
119 301
119 304
119 306
119 307
119 309
119 310
119 311
119 312
119 313
119 318
119 319
119 320
119 321
119 322
119 323
119 324
119 325
119 326
119 327
119 328
119 332
119 333
119 334
119 335
119 338
119 339
119 340
119 341
119 343
119 350
119 379
119 405
119 407
119 408
119 410
119 412
119 417
119 419
119 422
119 423
119 424
119 427
119 428
119 431
119 433
119 435
119 436
119 438
119 440
119 443
119 447
119 449
119 450
119 451
119 453
119 454
119 456
119 457
119 458
119 463
119 467
119 468
119 470
119 473
119 476
119 479
119 480
119 485
120 299
120 300
120 302
120 303
120 304
120 307
120 310
120 311
120 312
120 315
120 317
120 323
120 325
120 326
120 328
120 330
120 335
120 342
120 345
120 346
120 349
120 351
120 388
120 404
120 405
120 408
120 409
120 410
120 413
120 416
120 419
120 420
120 422
120 424
120 425
120 426
120 428
120 429
120 435
120 437
120 442
120 444
120 446
120 450
120 451
120 453
120 454
120 455
120 457
120 461
120 462
120 464
120 465
120 470
120 475
120 476
120 478
121 300
121 301
121 304
121 306
121 308
121 309
121 310
121 311
121 313
121 314
121 319
121 321
121 323
121 326
121 329
121 330
121 333
121 335
121 337
121 338
121 339
121 344
121 348
121 349
121 400
121 402
121 409
121 410
121 411
121 413
121 414
121 415
121 417
121 423
121 424
121 425
121 427
121 430
121 435
121 436
121 437
121 440
121 441
121 442
121 443
121 446
121 447
121 448
121 449
121 453
121 454
121 455
121 464
121 467
121 470
121 471
121 474
121 479
121 482
121 485
122 307
122 308
122 313
122 314
122 316
122 319
122 323
122 325
122 326
122 332
122 333
122 335
122 337
122 341
122 342
122 343
122 345
122 347
122 348
122 350
122 351
122 384
122 398
122 399
122 401
122 407
122 412
122 413
122 419
122 420
122 421
122 422
122 424
122 426
122 428
122 431
122 432
122 434
122 436
122 437
122 438
122 443
122 444
122 445
122 450
122 452
122 456
122 458
122 459
122 460
122 461
122 462
122 463
122 465
122 469
122 474
122 479
122 481
122 483
123 302
123 304
123 306
123 308
123 310
123 311
123 315
123 316
123 318
123 321
123 323
123 324
123 328
123 329
123 333
123 334
123 335
123 337
123 340
123 341
123 344
123 345
123 348
123 350
123 398
123 399
123 402
123 403
123 405
123 406
123 408
123 413
123 414
123 417
123 418
123 419
123 420
123 421
123 422
123 424
123 425
123 426
123 427
123 431
123 435
123 436
123 438
123 440
123 449
123 451
123 452
123 453
123 457
123 458
123 460
123 461
123 462
123 465
123 466
123 472
123 474
123 475
123 477
123 478
123 480
123 483
124 304
124 306
124 308
124 309
124 311
124 317
124 318
124 320
124 321
124 322
124 324
124 329
124 332
124 334
124 351
124 352
124 368
124 380
124 395
124 396
124 402
124 403
124 404
124 408
124 411
124 417
124 421
124 422
124 423
124 425
124 427
124 429
124 433
124 434
124 435
124 438
124 439
124 441
124 445
124 446
124 447
124 448
124 450
124 451
124 457
124 461
124 463
124 466
124 469
124 471
124 472
124 473
124 474
124 475
124 478
125 307
125 308
125 309
125 310
125 314
125 319
125 320
125 322
125 323
125 324
125 327
125 328
125 329
125 332
125 338
125 339
125 340
125 343
125 345
125 347
125 348
125 354
125 355
125 356
125 357
125 393
125 394
125 397
125 399
125 400
125 402
125 403
125 404
125 406
125 407
125 409
125 410
125 412
125 414
125 415
125 416
125 417
125 419
125 422
125 423
125 429
125 432
125 436
125 438
125 440
125 441
125 442
125 447
125 448
125 450
125 452
125 456
125 457
125 459
125 462
125 463
125 466
125 467
125 471
125 473
125 476
125 477
125 480
126 308
126 311
126 314
126 317
126 318
126 320
126 321
126 322
126 324
126 325
126 326
126 328
126 329
126 331
126 332
126 338
126 339
126 341
126 344
126 346
126 347
126 350
126 353
126 355
126 356
126 389
126 395
126 396
126 398
126 400
126 401
126 402
126 404
126 405
126 408
126 414
126 415
126 419
126 420
126 424
126 426
126 428
126 430
126 431
126 434
126 436
126 438
126 439
126 444
126 445
126 447
126 448
126 449
126 452
126 454
126 456
126 460
126 462
126 464
126 466
126 467
126 469
126 470
126 476
126 479
127 309
127 310
127 311
127 312
127 315
127 316
127 317
127 319
127 320
127 321
127 322
127 326
127 327
127 328
127 332
127 339
127 340
127 341
127 342
127 345
127 346
127 348
127 350
127 351
127 354
127 356
127 358
127 359
127 374
127 377
127 385
127 386
127 387
127 393
127 398
127 400
127 401
127 408
127 410
127 412
127 416
127 419
127 423
127 425
127 429
127 430
127 432
127 435
127 439
127 440
127 441
127 444
127 445
127 446
127 447
127 448
127 450
127 452
127 455
127 457
127 458
127 461
127 464
127 466
127 467
127 470
127 471
127 473
127 474
127 475
128 308
128 309
128 310
128 311
128 315
128 319
128 320
128 322
128 324
128 325
128 326
128 327
128 329
128 330
128 331
128 336
128 337
128 339
128 341
128 344
128 346
128 350
128 355
128 356
128 357
128 358
128 360
128 371
128 372
128 373
128 375
128 386
128 387
128 388
128 391
128 393
128 396
128 397
128 398
128 399
128 401
128 402
128 406
128 408
128 413
128 415
128 417
128 418
128 419
128 420
128 422
128 426
128 427
128 428
128 429
128 431
128 432
128 433
128 434
128 435
128 436
128 437
128 438
128 443
128 447
128 448
128 451
128 452
128 453
128 454
128 457
128 459
128 460
128 464
128 466
128 467
128 470
128 471
128 472
128 474
129 310
129 311
129 313
129 314
129 318
129 320
129 322
129 327
129 329
129 330
129 332
129 335
129 336
129 337
129 339
129 342
129 344
129 349
129 350
129 352
129 353
129 356
129 360
129 372
129 374
129 376
129 381
129 382
129 384
129 386
129 389
129 390
129 391
129 393
129 396
129 397
129 399
129 400
129 401
129 402
129 405
129 406
129 408
129 409
129 410
129 412
129 417
129 419
129 421
129 422
129 428
129 435
129 439
129 441
129 444
129 445
129 449
129 451
129 457
129 460
129 466
129 467
129 469
129 470
129 471
129 473
129 475
129 476
129 477
129 479
129 480
130 313
130 315
130 316
130 321
130 323
130 324
130 325
130 326
130 327
130 328
130 329
130 336
130 337
130 341
130 342
130 348
130 349
130 353
130 357
130 359
130 369
130 372
130 377
130 379
130 384
130 385
130 387
130 388
130 392
130 393
130 396
130 399
130 401
130 402
130 405
130 409
130 410
130 411
130 413
130 415
130 418
130 419
130 420
130 422
130 429
130 433
130 435
130 436
130 438
130 442
130 444
130 445
130 446
130 447
130 450
130 451
130 455
130 462
130 467
130 468
130 474
130 475
130 479
131 312
131 319
131 320
131 322
131 324
131 328
131 329
131 330
131 331
131 333
131 334
131 337
131 338
131 339
131 349
131 351
131 352
131 353
131 355
131 356
131 358
131 360
131 364
131 369
131 382
131 383
131 385
131 389
131 391
131 395
131 397
131 400
131 403
131 407
131 408
131 409
131 410
131 414
131 419
131 421
131 422
131 427
131 428
131 430
131 432
131 433
131 434
131 436
131 438
131 439
131 442
131 444
131 446
131 447
131 452
131 454
131 456
131 460
131 461
131 464
131 468
131 469
131 470
131 473
131 476
131 477
132 313
132 314
132 317
132 319
132 322
132 324
132 328
132 332
132 333
132 340
132 341
132 342
132 343
132 346
132 348
132 350
132 352
132 354
132 356
132 357
132 358
132 359
132 360
132 364
132 365
132 373
132 379
132 383
132 385
132 386
132 391
132 394
132 396
132 401
132 402
132 406
132 408
132 410
132 411
132 412
132 414
132 417
132 419
132 422
132 423
132 425
132 426
132 427
132 430
132 431
132 442
132 447
132 449
132 450
132 451
132 452
132 459
132 460
132 462
132 464
132 467
132 468
132 469
132 472
132 474
132 475
132 476
133 315
133 317
133 318
133 319
133 320
133 321
133 322
133 324
133 328
133 331
133 332
133 333
133 334
133 336
133 338
133 339
133 342
133 343
133 344
133 348
133 351
133 352
133 354
133 356
133 360
133 365
133 371
133 373
133 375
133 376
133 379
133 380
133 381
133 382
133 383
133 384
133 387
133 390
133 396
133 397
133 398
133 401
133 407
133 408
133 411
133 412
133 415
133 416
133 418
133 419
133 420
133 421
133 422
133 425
133 426
133 427
133 432
133 434
133 435
133 436
133 438
133 440
133 442
133 445
133 446
133 449
133 450
133 454
133 455
133 458
133 459
133 462
133 463
133 464
133 469
133 470
133 472
133 473
133 474
133 475
134 321
134 322
134 323
134 325
134 326
134 327
134 329
134 330
134 331
134 337
134 338
134 339
134 340
134 342
134 343
134 347
134 348
134 350
134 354
134 356
134 359
134 361
134 363
134 365
134 370
134 371
134 372
134 373
134 375
134 376
134 382
134 383
134 384
134 385
134 386
134 387
134 390
134 392
134 393
134 397
134 403
134 404
134 406
134 410
134 413
134 415
134 419
134 422
134 423
134 426
134 431
134 432
134 433
134 435
134 436
134 439
134 441
134 448
134 452
134 453
134 454
134 455
134 457
134 460
134 461
134 462
134 466
135 316
135 317
135 318
135 325
135 328
135 330
135 331
135 332
135 333
135 335
135 338
135 339
135 342
135 343
135 345
135 346
135 347
135 349
135 351
135 352
135 363
135 364
135 366
135 367
135 369
135 370
135 378
135 380
135 382
135 389
135 392
135 393
135 395
135 396
135 401
135 404
135 405
135 408
135 410
135 413
135 415
135 417
135 420
135 427
135 433
135 434
135 435
135 437
135 439
135 442
135 444
135 446
135 447
135 448
135 449
135 451
135 452
135 453
135 455
135 456
135 457
135 458
135 459
135 461
135 463
135 465
135 466
135 467
135 469
135 470
135 472
136 321
136 322
136 323
136 325
136 326
136 327
136 328
136 331
136 332
136 333
136 334
136 336
136 338
136 340
136 341
136 345
136 347
136 348
136 349
136 352
136 357
136 358
136 359
136 363
136 369
136 378
136 379
136 386
136 387
136 389
136 391
136 392
136 393
136 394
136 395
136 397
136 398
136 400
136 402
136 403
136 406
136 408
136 409
136 410
136 417
136 419
136 422
136 424
136 427
136 431
136 434
136 435
136 436
136 437
136 438
136 440
136 441
136 444
136 446
136 451
136 452
136 453
136 455
136 457
136 460
136 463
136 464
136 465
136 466
136 467
137 321
137 322
137 325
137 327
137 328
137 329
137 330
137 332
137 333
137 336
137 338
137 340
137 342
137 347
137 348
137 349
137 351
137 352
137 353
137 359
137 361
137 363
137 371
137 372
137 373
137 377
137 385
137 386
137 388
137 390
137 395
137 397
137 399
137 401
137 403
137 405
137 406
137 408
137 410
137 412
137 413
137 414
137 415
137 420
137 422
137 423
137 425
137 427
137 428
137 429
137 432
137 433
137 434
137 435
137 438
137 440
137 446
137 448
137 450
137 453
137 454
137 455
137 456
137 458
137 459
137 461
137 463
137 467
138 322
138 325
138 327
138 328
138 329
138 331
138 333
138 334
138 335
138 338
138 339
138 344
138 347
138 354
138 356
138 357
138 363
138 365
138 375
138 378
138 379
138 380
138 381
138 386
138 388
138 391
138 394
138 396
138 398
138 400
138 401
138 403
138 405
138 406
138 407
138 408
138 409
138 412
138 414
138 417
138 420
138 421
138 425
138 428
138 432
138 433
138 437
138 440
138 442
138 443
138 448
138 449
138 450
138 451
138 452
138 453
138 455
138 456
138 457
138 459
138 461
138 463
138 464
138 468
139 323
139 326
139 327
139 328
139 329
139 331
139 333
139 334
139 336
139 337
139 339
139 341
139 342
139 350
139 351
139 356
139 362
139 364
139 365
139 366
139 374
139 379
139 381
139 382
139 384
139 385
139 386
139 388
139 390
139 392
139 393
139 399
139 401
139 403
139 405
139 406
139 415
139 416
139 417
139 418
139 421
139 427
139 431
139 432
139 433
139 435
139 436
139 438
139 442
139 451
139 452
139 454
139 455
139 460
139 461
139 462
140 323
140 324
140 325
140 326
140 327
140 328
140 329
140 334
140 335
140 336
140 338
140 340
140 341
140 344
140 347
140 351
140 355
140 357
140 361
140 374
140 377
140 379
140 385
140 386
140 387
140 390
140 393
140 394
140 395
140 396
140 397
140 401
140 402
140 403
140 406
140 407
140 411
140 414
140 415
140 416
140 417
140 418
140 419
140 420
140 421
140 422
140 425
140 426
140 427
140 428
140 430
140 431
140 433
140 435
140 436
140 439
140 440
140 441
140 443
140 445
140 447
140 452
140 453
140 454
140 456
140 458
140 459
140 460
140 461
141 328
141 329
141 333
141 336
141 337
141 340
141 345
141 349
141 350
141 352
141 355
141 363
141 366
141 374
141 375
141 376
141 379
141 380
141 381
141 382
141 386
141 389
141 391
141 393
141 397
141 399
141 401
141 402
141 405
141 406
141 408
141 409
141 412
141 416
141 417
141 419
141 420
141 423
141 425
141 427
141 429
141 433
141 436
141 438
141 441
141 443
141 444
141 446
141 447
141 448
141 449
141 450
141 452
141 454
141 461
141 462
141 465
142 328
142 329
142 330
142 333
142 334
142 336
142 344
142 346
142 347
142 349
142 350
142 351
142 357
142 358
142 359
142 360
142 367
142 368
142 373
142 378
142 381
142 382
142 385
142 386
142 387
142 389
142 396
142 398
142 403
142 405
142 406
142 409
142 410
142 411
142 412
142 414
142 417
142 419
142 428
142 432
142 433
142 434
142 437
142 438
142 440
142 441
142 443
142 444
142 445
142 446
142 447
142 448
142 450
142 451
142 453
142 456
142 459
142 461
143 322
143 329
143 330
143 332
143 335
143 336
143 338
143 343
143 348
143 349
143 350
143 355
143 358
143 359
143 365
143 366
143 367
143 369
143 370
143 371
143 373
143 374
143 375
143 376
143 378
143 379
143 381
143 384
143 385
143 386
143 388
143 393
143 394
143 395
143 396
143 398
143 399
143 400
143 401
143 403
143 408
143 409
143 410
143 413
143 414
143 416
143 417
143 420
143 422
143 424
143 425
143 426
143 427
143 430
143 432
143 436
143 437
143 438
143 439
143 442
143 443
143 445
143 446
143 447
143 449
143 456
143 458
143 461
144 332
144 333
144 334
144 339
144 340
144 341
144 347
144 351
144 354
144 355
144 359
144 362
144 363
144 367
144 369
144 370
144 372
144 378
144 380
144 383
144 385
144 387
144 388
144 391
144 393
144 394
144 395
144 396
144 397
144 399
144 404
144 406
144 408
144 412
144 413
144 415
144 416
144 420
144 423
144 425
144 426
144 427
144 429
144 431
144 434
144 435
144 437
144 438
144 439
144 440
144 446
144 448
144 450
144 451
144 452
144 454
144 456
144 461
145 330
145 331
145 332
145 336
145 344
145 347
145 353
145 354
145 355
145 356
145 357
145 359
145 361
145 365
145 368
145 371
145 375
145 376
145 377
145 378
145 379
145 383
145 385
145 388
145 389
145 390
145 392
145 393
145 395
145 396
145 397
145 400
145 404
145 405
145 408
145 410
145 411
145 412
145 413
145 414
145 416
145 417
145 420
145 421
145 424
145 432
145 435
145 443
145 444
145 446
145 447
145 448
145 449
145 450
145 452
145 453
145 454
145 456
145 459
146 332
146 336
146 337
146 339
146 340
146 341
146 342
146 344
146 347
146 349
146 354
146 359
146 362
146 363
146 364
146 366
146 367
146 368
146 370
146 374
146 376
146 377
146 387
146 389
146 390
146 393
146 398
146 399
146 402
146 403
146 404
146 409
146 411
146 414
146 419
146 420
146 424
146 425
146 429
146 431
146 433
146 434
146 435
146 437
146 438
146 445
146 446
146 449
146 450
146 451
146 453
146 454
147 327
147 333
147 334
147 335
147 338
147 340
147 344
147 345
147 348
147 350
147 353
147 354
147 355
147 357
147 358
147 359
147 360
147 362
147 366
147 369
147 370
147 373
147 377
147 379
147 381
147 383
147 386
147 388
147 392
147 395
147 399
147 401
147 405
147 406
147 407
147 408
147 410
147 412
147 414
147 416
147 424
147 425
147 426
147 428
147 429
147 444
147 446
147 449
147 451
147 452
147 453
147 454
147 455
148 326
148 330
148 333
148 337
148 338
148 339
148 340
148 343
148 344
148 347
148 348
148 353
148 354
148 355
148 356
148 357
148 358
148 360
148 362
148 364
148 369
148 370
148 379
148 380
148 381
148 382
148 384
148 386
148 391
148 393
148 394
148 395
148 398
148 404
148 407
148 411
148 412
148 414
148 415
148 416
148 417
148 418
148 419
148 421
148 423
148 425
148 428
148 430
148 431
148 433
148 437
148 438
148 441
148 446
148 448
148 449
148 451
148 452
148 454
149 341
149 342
149 344
149 345
149 347
149 349
149 351
149 353
149 359
149 360
149 362
149 369
149 375
149 376
149 377
149 379
149 380
149 381
149 384
149 386
149 387
149 390
149 394
149 396
149 398
149 401
149 403
149 405
149 406
149 408
149 409
149 410
149 411
149 412
149 413
149 414
149 418
149 419
149 426
149 431
149 436
149 438
149 439
149 440
149 442
149 445
149 446
149 449
149 451
149 452
150 339
150 345
150 347
150 348
150 349
150 350
150 354
150 355
150 359
150 361
150 364
150 365
150 373
150 374
150 377
150 378
150 380
150 383
150 384
150 391
150 395
150 397
150 398
150 401
150 402
150 407
150 409
150 410
150 413
150 414
150 417
150 418
150 424
150 426
150 427
150 428
150 431
150 432
150 438
150 439
150 444
150 445
150 448
150 450
150 452
151 335
151 336
151 339
151 340
151 341
151 342
151 344
151 345
151 347
151 348
151 357
151 358
151 359
151 365
151 369
151 375
151 379
151 380
151 381
151 384
151 385
151 386
151 388
151 397
151 399
151 401
151 402
151 404
151 407
151 409
151 411
151 413
151 415
151 416
151 418
151 425
151 426
151 429
151 430
151 432
151 433
151 435
151 436
151 440
151 443
151 444
151 446
151 450
152 331
152 334
152 335
152 338
152 343
152 344
152 347
152 350
152 353
152 354
152 356
152 357
152 358
152 359
152 360
152 364
152 365
152 366
152 374
152 377
152 382
152 386
152 387
152 388
152 389
152 390
152 391
152 395
152 396
152 399
152 400
152 406
152 408
152 410
152 413
152 420
152 421
152 422
152 423
152 426
152 427
152 430
152 431
152 434
152 440
152 448
153 334
153 341
153 343
153 344
153 349
153 351
153 356
153 357
153 370
153 371
153 372
153 376
153 377
153 380
153 381
153 382
153 385
153 386
153 394
153 396
153 397
153 398
153 403
153 404
153 407
153 411
153 413
153 417
153 418
153 419
153 420
153 426
153 427
153 430
153 436
153 441
153 443
153 447
153 449
154 320
154 337
154 342
154 343
154 345
154 353
154 355
154 356
154 360
154 369
154 370
154 371
154 376
154 381
154 382
154 387
154 388
154 390
154 393
154 399
154 403
154 408
154 411
154 412
154 418
154 420
154 421
154 422
154 424
154 425
154 429
154 430
154 434
154 435
154 439
154 440
154 442
154 445
154 448
155 246
155 327
155 343
155 350
155 351
155 352
155 353
155 355
155 356
155 357
155 360
155 362
155 365
155 367
155 369
155 371
155 373
155 374
155 375
155 376
155 378
155 379
155 383
155 387
155 390
155 392
155 393
155 394
155 395
155 398
155 400
155 404
155 406
155 414
155 416
155 418
155 419
155 420
155 421
155 422
155 423
155 424
155 425
155 427
155 428
155 429
155 432
155 433
155 434
155 435
155 438
155 439
155 440
155 441
155 443
156 343
156 347
156 348
156 354
156 356
156 358
156 360
156 364
156 365
156 367
156 371
156 372
156 373
156 375
156 376
156 377
156 379
156 380
156 381
156 387
156 388
156 390
156 391
156 393
156 394
156 396
156 405
156 409
156 410
156 414
156 416
156 417
156 424
156 429
156 431
156 432
156 436
156 437
156 438
156 439
156 444
157 229
157 317
157 344
157 345
157 347
157 348
157 349
157 352
157 353
157 355
157 361
157 362
157 366
157 368
157 375
157 377
157 379
157 382
157 383
157 386
157 387
157 388
157 390
157 392
157 398
157 399
157 402
157 403
157 404
157 405
157 407
157 409
157 412
157 417
157 420
157 421
157 424
157 429
157 430
157 434
157 435
157 439
157 442
158 316
158 342
158 344
158 347
158 348
158 351
158 352
158 358
158 363
158 364
158 366
158 371
158 372
158 374
158 375
158 378
158 380
158 382
158 384
158 385
158 386
158 387
158 389
158 391
158 393
158 394
158 396
158 397
158 398
158 399
158 401
158 402
158 403
158 406
158 408
158 409
158 410
158 411
158 412
158 413
158 416
158 420
158 421
158 424
158 425
158 428
158 430
158 433
158 436
158 439
158 440
159 224
159 343
159 351
159 357
159 360
159 361
159 363
159 365
159 367
159 369
159 372
159 374
159 375
159 378
159 382
159 383
159 385
159 386
159 389
159 390
159 391
159 394
159 397
159 400
159 405
159 406
159 407
159 413
159 414
159 417
159 419
159 421
159 422
159 424
159 427
159 428
159 432
159 435
159 436
159 437
160 342
160 343
160 344
160 346
160 349
160 353
160 354
160 356
160 357
160 363
160 366
160 367
160 371
160 373
160 375
160 377
160 379
160 380
160 384
160 387
160 389
160 390
160 392
160 393
160 394
160 395
160 398
160 400
160 401
160 402
160 407
160 410
160 411
160 414
160 415
160 421
160 425
160 429
160 430
160 431
160 432
160 433
160 435
160 436
160 438
160 439
161 334
161 336
161 343
161 347
161 349
161 352
161 354
161 359
161 361
161 362
161 363
161 364
161 366
161 369
161 372
161 374
161 376
161 380
161 381
161 387
161 388
161 390
161 394
161 395
161 396
161 398
161 400
161 402
161 403
161 410
161 411
161 414
161 416
161 417
161 418
161 419
161 424
161 432
161 434
161 435
161 436
161 437
161 440
162 340
162 343
162 344
162 345
162 350
162 352
162 355
162 356
162 360
162 361
162 364
162 365
162 366
162 368
162 370
162 371
162 373
162 375
162 376
162 377
162 378
162 379
162 380
162 381
162 383
162 385
162 388
162 391
162 395
162 397
162 398
162 399
162 401
162 403
162 405
162 406
162 407
162 409
162 412
162 413
162 415
162 418
162 419
162 423
162 425
162 426
162 429
162 433
162 437
162 438
163 219
163 341
163 342
163 347
163 350
163 357
163 358
163 364
163 365
163 366
163 369
163 370
163 371
163 372
163 375
163 377
163 378
163 379
163 380
163 383
163 384
163 387
163 389
163 390
163 392
163 393
163 395
163 399
163 400
163 401
163 402
163 404
163 406
163 407
163 409
163 413
163 418
163 419
163 420
163 422
163 423
163 424
163 425
163 431
163 433
163 434
163 435
163 436
164 301
164 311
164 338
164 352
164 353
164 356
164 357
164 359
164 360
164 367
164 369
164 371
164 373
164 375
164 377
164 378
164 379
164 382
164 386
164 387
164 388
164 396
164 397
164 398
164 401
164 402
164 406
164 408
164 409
164 410
164 412
164 414
164 415
164 416
164 417
164 418
164 419
164 423
164 425
164 430
164 435
164 436
165 339
165 340
165 343
165 345
165 348
165 354
165 356
165 358
165 359
165 360
165 361
165 363
165 367
165 369
165 370
165 371
165 372
165 374
165 375
165 376
165 378
165 380
165 381
165 382
165 383
165 388
165 390
165 393
165 397
165 405
165 410
165 414
165 416
165 417
165 421
165 425
165 427
165 429
165 430
165 431
166 335
166 336
166 339
166 345
166 346
166 347
166 351
166 356
166 357
166 364
166 365
166 366
166 369
166 371
166 372
166 373
166 374
166 375
166 378
166 379
166 382
166 383
166 388
166 389
166 391
166 397
166 399
166 401
166 403
166 405
166 406
166 407
166 410
166 413
166 416
166 419
166 421
166 425
166 426
166 427
166 428
166 429
167 288
167 330
167 335
167 340
167 347
167 348
167 351
167 352
167 353
167 355
167 356
167 358
167 360
167 363
167 364
167 368
167 369
167 371
167 373
167 378
167 379
167 381
167 383
167 384
167 385
167 387
167 389
167 390
167 391
167 393
167 394
167 398
167 400
167 401
167 403
167 404
167 407
167 408
167 410
167 411
167 412
167 414
167 416
167 417
167 418
167 419
167 420
167 424
167 425
167 426
168 308
168 318
168 332
168 335
168 336
168 346
168 351
168 360
168 361
168 363
168 365
168 367
168 368
168 371
168 372
168 377
168 378
168 381
168 382
168 384
168 385
168 388
168 390
168 391
168 393
168 394
168 396
168 397
168 398
168 400
168 401
168 402
168 411
168 412
168 413
168 415
168 421
168 422
168 424
168 426
168 427
168 428
168 430
168 432
169 330
169 331
169 338
169 347
169 348
169 352
169 359
169 361
169 362
169 365
169 366
169 370
169 374
169 375
169 376
169 377
169 378
169 379
169 380
169 382
169 386
169 387
169 390
169 393
169 396
169 398
169 402
169 405
169 411
169 412
169 413
169 414
169 418
169 421
169 425
169 426
169 428
170 330
170 334
170 335
170 337
170 345
170 347
170 349
170 354
170 355
170 356
170 363
170 364
170 365
170 366
170 370
170 372
170 374
170 382
170 385
170 387
170 392
170 393
170 394
170 395
170 399
170 400
170 402
170 404
170 407
170 409
170 410
170 411
170 413
170 419
170 420
170 421
170 423
170 427
170 428
170 429
170 431
171 333
171 334
171 335
171 336
171 347
171 349
171 351
171 352
171 354
171 355
171 357
171 359
171 361
171 363
171 368
171 369
171 370
171 374
171 376
171 379
171 387
171 390
171 391
171 394
171 395
171 399
171 400
171 403
171 405
171 407
171 410
171 411
171 412
171 413
171 414
171 418
171 420
171 421
171 422
171 425
171 428
171 429
172 332
172 337
172 340
172 341
172 342
172 344
172 345
172 346
172 351
172 355
172 358
172 360
172 361
172 362
172 364
172 368
172 369
172 372
172 373
172 379
172 380
172 382
172 384
172 385
172 389
172 396
172 397
172 399
172 406
172 407
172 410
172 412
172 413
172 414
172 419
172 420
172 421
172 423
173 326
173 332
173 343
173 345
173 347
173 348
173 351
173 352
173 354
173 355
173 356
173 358
173 363
173 366
173 367
173 368
173 369
173 371
173 374
173 375
173 379
173 384
173 387
173 389
173 391
173 395
173 397
173 402
173 405
173 408
173 409
173 413
173 422
173 424
173 427
174 329
174 330
174 331
174 333
174 335
174 336
174 340
174 341
174 342
174 344
174 345
174 346
174 347
174 353
174 354
174 359
174 365
174 366
174 372
174 380
174 386
174 387
174 388
174 389
174 392
174 394
174 395
174 396
174 397
174 398
174 399
174 401
174 403
174 404
174 405
174 406
174 410
174 411
174 414
174 415
174 417
174 418
174 422
174 424
175 329
175 332
175 334
175 338
175 345
175 349
175 350
175 355
175 358
175 359
175 360
175 363
175 364
175 365
175 366
175 367
175 373
175 376
175 377
175 378
175 380
175 381
175 382
175 383
175 384
175 385
175 387
175 390
175 395
175 398
175 401
175 402
175 407
175 408
175 410
175 411
175 412
175 413
175 416
175 417
175 418
175 421
175 422
175 424
176 321
176 323
176 328
176 330
176 338
176 339
176 343
176 344
176 345
176 350
176 352
176 357
176 358
176 359
176 364
176 366
176 370
176 372
176 374
176 375
176 377
176 380
176 381
176 387
176 389
176 390
176 391
176 392
176 398
176 399
176 400
176 402
176 403
176 404
176 407
176 409
176 412
176 414
176 415
176 416
176 420
176 424
177 320
177 327
177 328
177 330
177 332
177 334
177 335
177 336
177 339
177 345
177 351
177 352
177 354
177 356
177 358
177 360
177 366
177 367
177 368
177 369
177 371
177 378
177 383
177 389
177 391
177 392
177 397
177 398
177 399
177 400
177 401
177 402
177 404
177 405
177 407
177 409
177 411
177 412
177 415
177 422
177 503
177 540
177 548
178 300
178 328
178 330
178 331
178 333
178 336
178 339
178 343
178 344
178 345
178 347
178 350
178 355
178 361
178 366
178 368
178 372
178 374
178 375
178 376
178 378
178 386
178 387
178 390
178 391
178 393
178 394
178 399
178 400
178 402
178 406
178 408
178 409
178 410
178 415
178 416
179 318
179 321
179 322
179 325
179 326
179 329
179 330
179 336
179 337
179 338
179 340
179 341
179 344
179 345
179 350
179 352
179 354
179 355
179 359
179 360
179 362
179 370
179 371
179 372
179 378
179 386
179 389
179 390
179 395
179 399
179 401
179 402
179 405
179 410
179 412
179 413
179 415
179 419
180 232
180 316
180 329
180 332
180 333
180 337
180 349
180 351
180 353
180 357
180 362
180 363
180 364
180 377
180 378
180 379
180 380
180 381
180 385
180 386
180 388
180 389
180 390
180 391
180 394
180 396
180 397
180 399
180 400
180 402
180 408
180 412
180 415
180 418
181 316
181 320
181 321
181 322
181 326
181 327
181 328
181 337
181 339
181 342
181 343
181 344
181 346
181 347
181 349
181 351
181 353
181 356
181 360
181 361
181 363
181 364
181 366
181 370
181 373
181 376
181 380
181 381
181 382
181 383
181 384
181 387
181 388
181 390
181 392
181 393
181 395
181 396
181 398
181 404
181 405
181 406
181 414
182 124
182 312
182 313
182 314
182 320
182 322
182 323
182 327
182 329
182 331
182 338
182 340
182 341
182 344
182 347
182 350
182 354
182 359
182 361
182 363
182 366
182 369
182 373
182 376
182 377
182 378
182 382
182 386
182 395
182 400
182 401
182 402
182 405
182 408
182 409
182 411
183 63
183 311
183 316
183 323
183 329
183 330
183 331
183 333
183 336
183 337
183 338
183 344
183 348
183 354
183 362
183 364
183 367
183 369
183 370
183 371
183 372
183 373
183 374
183 380
183 384
183 386
183 388
183 390
183 393
183 397
183 399
183 400
183 401
183 402
183 404
183 405
183 406
183 407
184 316
184 317
184 318
184 321
184 327
184 329
184 333
184 334
184 335
184 337
184 342
184 347
184 349
184 354
184 355
184 359
184 361
184 364
184 365
184 366
184 367
184 371
184 372
184 373
184 374
184 376
184 377
184 378
184 380
184 385
184 390
184 392
184 394
184 395
184 396
184 397
184 398
184 399
184 402
184 403
184 406
184 409
185 263
185 309
185 313
185 326
185 327
185 328
185 330
185 339
185 340
185 341
185 342
185 346
185 348
185 353
185 355
185 356
185 357
185 358
185 360
185 363
185 365
185 366
185 367
185 372
185 373
185 381
185 382
185 383
185 386
185 387
185 389
185 393
185 394
185 395
185 398
185 400
185 401
185 402
186 317
186 318
186 322
186 324
186 326
186 328
186 329
186 331
186 333
186 341
186 344
186 346
186 352
186 356
186 358
186 360
186 361
186 363
186 364
186 365
186 367
186 368
186 370
186 375
186 377
186 378
186 382
186 383
186 385
186 390
186 391
186 397
186 398
186 399
186 400
186 401
186 402
186 404
187 217
187 298
187 307
187 311
187 315
187 325
187 329
187 336
187 337
187 339
187 340
187 342
187 344
187 352
187 353
187 357
187 359
187 362
187 364
187 366
187 367
187 368
187 371
187 375
187 376
187 378
187 380
187 381
187 383
187 385
187 386
187 389
187 390
187 391
187 393
187 396
187 399
187 400
187 403
187 404
187 405
188 88
188 312
188 313
188 315
188 316
188 319
188 321
188 323
188 326
188 329
188 330
188 333
188 341
188 343
188 345
188 347
188 348
188 353
188 354
188 361
188 362
188 363
188 368
188 369
188 370
188 371
188 376
188 378
188 379
188 380
188 381
188 382
188 386
188 388
188 391
188 395
188 541
189 37
189 74
189 101
189 281
189 301
189 306
189 311
189 313
189 314
189 318
189 321
189 323
189 326
189 329
189 330
189 341
189 347
189 351
189 355
189 362
189 364
189 365
189 366
189 367
189 368
189 372
189 378
189 383
189 386
189 390
189 391
189 395
189 396
189 567
190 306
190 308
190 309
190 311
190 312
190 313
190 314
190 320
190 321
190 325
190 326
190 328
190 334
190 337
190 340
190 348
190 352
190 354
190 356
190 357
190 361
190 365
190 366
190 367
190 373
190 374
190 378
190 383
190 384
190 386
190 387
190 388
190 391
190 392
190 395
190 396
190 398
191 14
191 222
191 299
191 316
191 321
191 322
191 324
191 325
191 326
191 327
191 338
191 339
191 340
191 346
191 349
191 354
191 355
191 356
191 357
191 358
191 361
191 362
191 363
191 364
191 365
191 366
191 368
191 371
191 372
191 378
191 381
191 383
191 386
191 387
191 388
191 390
191 394
191 396
191 397
191 398
192 257
192 299
192 308
192 310
192 315
192 316
192 318
192 320
192 322
192 323
192 324
192 327
192 329
192 338
192 342
192 345
192 350
192 355
192 357
192 358
192 359
192 360
192 361
192 363
192 364
192 366
192 367
192 373
192 374
192 375
192 376
192 378
192 379
192 383
192 386
192 392
193 296
193 309
193 312
193 324
193 325
193 328
193 335
193 336
193 338
193 340
193 344
193 345
193 350
193 351
193 355
193 358
193 362
193 364
193 367
193 368
193 370
193 372
193 373
193 377
193 384
193 388
193 394
193 395
194 58
194 203
194 296
194 303
194 309
194 315
194 317
194 318
194 319
194 321
194 322
194 323
194 338
194 342
194 343
194 345
194 346
194 348
194 350
194 353
194 355
194 356
194 357
194 358
194 363
194 364
194 365
194 366
194 369
194 372
194 373
194 376
194 387
194 389
194 390
194 391
194 395
194 596
195 295
195 315
195 318
195 325
195 326
195 328
195 330
195 334
195 336
195 337
195 346
195 347
195 348
195 353
195 355
195 356
195 358
195 359
195 365
195 366
195 367
195 368
195 371
195 373
195 376
195 386
195 388
195 390
195 395
196 30
196 104
196 177
196 212
196 297
196 308
196 309
196 310
196 312
196 313
196 316
196 322
196 335
196 338
196 344
196 346
196 351
196 354
196 356
196 357
196 366
196 369
196 371
196 380
196 386
196 387
196 388
196 390
196 394
196 555
197 37
197 290
197 293
197 302
197 307
197 308
197 311
197 317
197 320
197 326
197 331
197 342
197 343
197 344
197 349
197 352
197 356
197 359
197 364
197 365
197 367
197 368
197 370
197 373
197 376
197 379
197 381
197 383
197 386
197 387
197 388
198 9
198 15
198 276
198 293
198 297
198 307
198 311
198 312
198 318
198 327
198 329
198 331
198 332
198 335
198 336
198 338
198 339
198 342
198 343
198 349
198 354
198 357
198 359
198 360
198 364
198 366
198 368
198 369
198 372
198 373
198 380
198 381
198 388
198 390
198 391
198 392
198 559
199 293
199 300
199 302
199 303
199 306
199 309
199 311
199 313
199 314
199 323
199 327
199 332
199 335
199 336
199 339
199 341
199 344
199 354
199 358
199 361
199 362
199 365
199 371
199 373
199 375
199 378
199 380
199 383
199 385
199 389
199 579
200 3
200 302
200 305
200 306
200 307
200 313
200 316
200 317
200 318
200 319
200 323
200 325
200 330
200 332
200 337
200 339
200 340
200 341
200 343
200 345
200 346
200 347
200 348
200 350
200 351
200 352
200 363
200 367
200 369
200 372
200 373
200 379
200 385
200 386
200 387
201 298
201 299
201 305
201 306
201 310
201 311
201 316
201 318
201 319
201 320
201 322
201 325
201 326
201 341
201 345
201 350
201 352
201 354
201 357
201 364
201 368
201 372
201 376
201 378
201 380
201 385
201 387
201 390
201 409
201 551
201 575
202 278
202 294
202 295
202 302
202 307
202 310
202 312
202 313
202 315
202 318
202 319
202 321
202 325
202 327
202 334
202 345
202 349
202 350
202 351
202 353
202 357
202 367
202 370
202 375
202 381
202 383
202 384
202 452
203 205
203 273
203 278
203 292
203 293
203 300
203 302
203 304
203 311
203 312
203 316
203 322
203 323
203 331
203 332
203 343
203 345
203 347
203 351
203 354
203 355
203 358
203 359
203 360
203 366
203 367
203 372
203 374
203 375
203 378
203 381
203 385
203 388
203 469
204 288
204 289
204 301
204 307
204 310
204 312
204 314
204 315
204 319
204 323
204 326
204 328
204 329
204 330
204 331
204 336
204 340
204 344
204 346
204 349
204 351
204 352
204 355
204 357
204 358
204 359
204 361
204 365
204 373
204 374
204 375
204 378
204 379
204 380
204 381
204 392
204 422
205 287
205 289
205 294
205 299
205 301
205 303
205 305
205 306
205 308
205 309
205 311
205 314
205 317
205 324
205 325
205 326
205 328
205 337
205 338
205 341
205 342
205 343
205 348
205 351
205 353
205 358
205 359
205 361
205 363
205 365
205 366
205 372
205 373
205 374
205 375
205 376
205 377
205 378
205 381
205 390
206 210
206 277
206 286
206 288
206 291
206 292
206 293
206 299
206 300
206 301
206 302
206 303
206 305
206 310
206 311
206 312
206 313
206 314
206 316
206 318
206 324
206 328
206 339
206 344
206 346
206 348
206 350
206 351
206 353
206 355
206 356
206 357
206 361
206 362
206 365
206 369
206 373
206 375
206 384
206 385
206 464
206 525
206 609
206 613
207 11
207 277
207 279
207 284
207 286
207 289
207 293
207 295
207 298
207 300
207 302
207 305
207 306
207 309
207 314
207 315
207 317
207 320
207 325
207 326
207 329
207 333
207 338
207 348
207 349
207 350
207 351
207 358
207 359
207 360
207 361
207 362
207 365
207 366
207 371
207 372
207 377
207 379
207 384
207 395
207 509
207 590
208 66
208 199
208 279
208 288
208 293
208 295
208 298
208 303
208 306
208 311
208 313
208 317
208 324
208 327
208 329
208 336
208 337
208 345
208 346
208 351
208 353
208 357
208 362
208 363
208 365
208 369
208 370
208 375
208 376
208 377
208 382
209 124
209 125
209 168
209 282
209 283
209 285
209 286
209 288
209 297
209 300
209 303
209 304
209 307
209 311
209 318
209 322
209 326
209 327
209 329
209 330
209 342
209 343
209 345
209 347
209 350
209 351
209 353
209 356
209 357
209 358
209 359
209 360
209 366
209 370
209 372
209 374
209 375
209 377
209 379
209 380
209 381
209 382
209 411
209 412
209 519
209 527
209 597
210 266
210 269
210 276
210 288
210 295
210 296
210 299
210 307
210 311
210 312
210 318
210 329
210 330
210 334
210 340
210 347
210 348
210 349
210 350
210 351
210 352
210 353
210 358
210 360
210 365
210 369
210 371
210 378
211 202
211 234
211 243
211 281
211 283
211 288
211 292
211 296
211 297
211 301
211 305
211 307
211 308
211 313
211 314
211 321
211 325
211 328
211 330
211 331
211 333
211 336
211 337
211 340
211 349
211 353
211 355
211 358
211 361
211 362
211 365
211 366
211 367
211 368
211 369
211 371
211 373
211 379
211 449
212 72
212 273
212 279
212 285
212 286
212 289
212 292
212 300
212 302
212 306
212 308
212 309
212 321
212 322
212 329
212 330
212 335
212 336
212 337
212 344
212 345
212 350
212 352
212 354
212 355
212 361
212 362
212 364
212 365
212 366
212 367
212 370
212 371
212 375
212 376
213 25
213 251
213 273
213 284
213 286
213 287
213 290
213 291
213 294
213 297
213 298
213 305
213 306
213 307
213 310
213 311
213 313
213 314
213 315
213 317
213 321
213 322
213 326
213 328
213 331
213 333
213 341
213 343
213 346
213 347
213 349
213 350
213 351
213 353
213 361
213 363
213 369
213 370
213 373
213 379
213 543
214 3
214 278
214 279
214 284
214 286
214 287
214 290
214 294
214 295
214 302
214 317
214 321
214 326
214 330
214 336
214 340
214 343
214 346
214 348
214 349
214 351
214 356
214 359
214 360
214 364
214 365
214 367
214 368
214 371
214 372
214 374
214 376
214 378
215 23
215 25
215 53
215 61
215 88
215 240
215 272
215 280
215 282
215 284
215 287
215 288
215 292
215 299
215 300
215 303
215 310
215 316
215 319
215 321
215 322
215 323
215 333
215 334
215 336
215 340
215 342
215 343
215 344
215 348
215 350
215 351
215 354
215 355
215 357
215 361
215 362
215 363
215 366
215 367
215 374
215 376
215 449
215 588
215 590
215 602
216 272
216 276
216 281
216 283
216 294
216 295
216 303
216 308
216 320
216 323
216 325
216 327
216 329
216 335
216 338
216 347
216 353
216 354
216 356
216 360
216 361
216 362
216 364
216 370
216 373
216 375
216 376
216 377
217 276
217 277
217 278
217 283
217 288
217 292
217 297
217 303
217 304
217 310
217 316
217 318
217 322
217 323
217 325
217 327
217 333
217 334
217 340
217 343
217 344
217 345
217 354
217 359
217 362
217 363
217 367
217 464
218 260
218 270
218 275
218 276
218 280
218 281
218 285
218 291
218 293
218 294
218 296
218 297
218 302
218 306
218 312
218 314
218 318
218 319
218 324
218 326
218 329
218 336
218 338
218 341
218 348
218 351
218 355
218 369
218 372
219 263
219 269
219 279
219 280
219 281
219 284
219 287
219 297
219 303
219 304
219 307
219 310
219 312
219 314
219 324
219 337
219 344
219 345
219 346
219 348
219 351
219 353
219 354
219 357
219 359
219 360
219 366
219 367
219 368
219 369
219 370
219 371
219 372
219 373
219 422
220 124
220 129
220 258
220 268
220 273
220 274
220 278
220 279
220 284
220 285
220 286
220 294
220 295
220 296
220 299
220 300
220 302
220 305
220 307
220 311
220 322
220 327
220 333
220 335
220 340
220 341
220 343
220 348
220 352
220 358
220 359
220 362
220 364
220 365
220 369
220 371
220 372
221 269
221 273
221 277
221 280
221 287
221 289
221 290
221 291
221 294
221 298
221 300
221 304
221 312
221 314
221 315
221 322
221 323
221 337
221 338
221 340
221 346
221 350
221 352
221 355
221 359
221 361
221 368
221 369
221 611
222 265
222 277
222 279
222 280
222 290
222 295
222 298
222 301
222 303
222 308
222 310
222 321
222 322
222 324
222 331
222 335
222 336
222 338
222 340
222 341
222 343
222 344
222 348
222 349
222 354
222 356
222 358
222 359
222 361
222 362
222 367
222 368
222 369
223 269
223 271
223 277
223 279
223 287
223 292
223 295
223 298
223 299
223 302
223 304
223 309
223 310
223 311
223 312
223 314
223 315
223 316
223 317
223 325
223 328
223 336
223 337
223 338
223 350
223 353
223 355
223 359
223 367
223 369
224 115
224 251
224 259
224 267
224 268
224 271
224 272
224 276
224 279
224 286
224 288
224 290
224 295
224 297
224 300
224 302
224 310
224 312
224 313
224 316
224 319
224 321
224 323
224 326
224 327
224 331
224 333
224 337
224 340
224 342
224 354
224 355
224 357
224 359
224 362
224 366
224 370
225 264
225 267
225 268
225 272
225 275
225 277
225 281
225 282
225 285
225 299
225 310
225 311
225 312
225 313
225 318
225 320
225 322
225 331
225 333
225 334
225 336
225 337
225 338
225 339
225 340
225 342
225 343
225 351
225 354
225 355
225 361
225 363
226 267
226 268
226 269
226 272
226 274
226 278
226 279
226 281
226 282
226 284
226 286
226 293
226 294
226 295
226 303
226 306
226 307
226 312
226 313
226 317
226 320
226 322
226 326
226 327
226 329
226 330
226 331
226 332
226 335
226 336
226 338
226 340
226 342
226 347
226 348
226 349
226 351
226 356
226 357
226 358
226 360
226 364
227 240
227 264
227 266
227 268
227 269
227 272
227 276
227 290
227 294
227 298
227 299
227 300
227 311
227 315
227 318
227 320
227 324
227 325
227 327
227 332
227 333
227 334
227 346
227 349
227 350
227 358
227 360
228 261
228 262
228 264
228 270
228 271
228 272
228 273
228 277
228 285
228 287
228 293
228 295
228 298
228 302
228 319
228 326
228 330
228 332
228 335
228 336
228 339
228 340
228 342
228 357
228 359
228 360
228 363
228 364
229 257
229 260
229 264
229 274
229 284
229 285
229 290
229 292
229 293
229 294
229 295
229 302
229 307
229 309
229 311
229 314
229 316
229 320
229 323
229 328
229 333
229 335
229 338
229 340
229 343
229 346
229 347
229 354
229 356
229 357
229 358
229 363
229 407
230 255
230 257
230 264
230 265
230 267
230 278
230 280
230 282
230 284
230 285
230 288
230 293
230 294
230 296
230 309
230 311
230 323
230 327
230 330
230 331
230 332
230 337
230 339
230 341
230 347
230 354
230 361
230 362
231 120
231 250
231 270
231 276
231 277
231 278
231 280
231 283
231 287
231 291
231 297
231 300
231 303
231 305
231 308
231 313
231 315
231 327
231 329
231 333
231 335
231 337
231 343
231 345
231 347
231 348
231 349
231 355
231 357
231 359
231 360
232 64
232 194
232 266
232 267
232 269
232 272
232 275
232 276
232 278
232 280
232 284
232 295
232 296
232 297
232 304
232 310
232 311
232 312
232 319
232 324
232 329
232 337
232 338
232 339
232 340
232 343
232 346
232 353
232 358
233 249
233 257
233 261
233 262
233 265
233 266
233 271
233 272
233 273
233 274
233 275
233 277
233 279
233 284
233 286
233 288
233 297
233 298
233 299
233 304
233 317
233 327
233 334
233 335
233 338
233 339
233 341
233 342
233 345
233 348
233 351
233 359
234 251
234 254
234 258
234 263
234 268
234 269
234 270
234 273
234 274
234 275
234 279
234 281
234 284
234 285
234 286
234 287
234 292
234 293
234 297
234 303
234 305
234 306
234 311
234 314
234 315
234 320
234 326
234 329
234 331
234 335
234 338
234 340
234 346
234 352
234 356
235 191
235 192
235 256
235 266
235 267
235 271
235 276
235 278
235 280
235 281
235 282
235 288
235 292
235 294
235 295
235 298
235 299
235 303
235 306
235 312
235 323
235 326
235 329
235 330
235 334
235 338
235 339
235 340
235 343
235 345
235 349
235 351
235 352
236 253
236 254
236 258
236 261
236 262
236 266
236 267
236 269
236 271
236 274
236 275
236 277
236 278
236 280
236 284
236 288
236 292
236 293
236 297
236 306
236 312
236 313
236 318
236 322
236 329
236 338
236 343
236 347
236 349
236 351
236 353
236 357
236 415
237 238
237 254
237 257
237 261
237 262
237 273
237 278
237 282
237 287
237 293
237 296
237 299
237 306
237 310
237 312
237 315
237 326
237 330
237 334
237 337
237 340
237 346
237 347
237 350
237 352
237 354
237 604
238 230
238 254
238 258
238 261
238 268
238 271
238 275
238 277
238 278
238 280
238 281
238 282
238 284
238 287
238 288
238 289
238 290
238 294
238 295
238 314
238 315
238 321
238 322
238 323
238 325
238 326
238 328
238 332
238 333
238 334
238 335
238 342
238 344
238 349
239 78
239 138
239 252
239 259
239 260
239 261
239 264
239 266
239 268
239 271
239 272
239 273
239 275
239 285
239 287
239 290
239 292
239 293
239 294
239 298
239 300
239 301
239 305
239 308
239 312
239 316
239 318
239 320
239 322
239 323
239 324
239 336
239 337
239 340
239 342
239 344
239 351
239 352
239 354
239 365
240 240
240 241
240 251
240 252
240 258
240 260
240 261
240 266
240 268
240 269
240 270
240 273
240 275
240 278
240 283
240 284
240 286
240 289
240 296
240 298
240 304
240 305
240 315
240 316
240 317
240 321
240 330
240 334
240 336
240 341
240 343
240 344
240 348
240 349
240 350
240 354
240 365
241 234
241 262
241 268
241 280
241 281
241 284
241 285
241 286
241 288
241 289
241 290
241 291
241 295
241 304
241 307
241 315
241 316
241 318
241 322
241 328
241 335
241 336
241 338
241 348
241 352
242 252
242 254
242 256
242 264
242 270
242 271
242 277
242 288
242 289
242 290
242 297
242 301
242 302
242 307
242 308
242 310
242 311
242 312
242 315
242 316
242 319
242 320
242 321
242 325
242 328
242 332
242 335
242 338
242 341
242 342
242 343
242 344
242 345
242 348
242 351
242 379
242 475
242 477
242 503
242 504
243 234
243 248
243 249
243 257
243 260
243 263
243 271
243 272
243 273
243 275
243 279
243 282
243 285
243 289
243 291
243 292
243 294
243 295
243 296
243 302
243 308
243 310
243 314
243 315
243 317
243 318
243 322
243 333
243 335
243 336
243 339
243 344
243 345
243 347
243 349
243 351
244 82
244 252
244 253
244 263
244 268
244 269
244 271
244 274
244 275
244 280
244 284
244 285
244 287
244 295
244 299
244 312
244 313
244 317
244 322
244 324
244 328
244 331
244 334
244 338
244 342
244 347
244 349
244 350
245 185
245 248
245 252
245 256
245 259
245 260
245 262
245 268
245 269
245 275
245 276
245 277
245 281
245 282
245 295
245 297
245 300
245 301
245 306
245 311
245 314
245 317
245 318
245 319
245 320
245 322
245 323
245 326
245 328
245 333
245 338
245 340
245 346
245 348
246 60
246 62
246 65
246 245
246 247
246 254
246 260
246 261
246 270
246 271
246 272
246 273
246 275
246 281
246 286
246 289
246 291
246 294
246 296
246 303
246 307
246 310
246 312
246 322
246 325
246 335
246 336
246 339
246 343
246 348
246 414
246 415
246 417
247 245
247 247
247 250
247 251
247 254
247 261
247 262
247 263
247 267
247 268
247 270
247 273
247 275
247 278
247 280
247 282
247 286
247 291
247 295
247 297
247 300
247 301
247 312
247 315
247 317
247 322
247 324
247 325
247 326
247 332
247 336
247 340
247 345
247 346
247 347
247 442
247 600
248 50
248 86
248 209
248 256
248 260
248 262
248 264
248 277
248 278
248 282
248 283
248 284
248 286
248 288
248 290
248 297
248 300
248 305
248 307
248 312
248 315
248 317
248 321
248 329
248 334
248 337
248 338
248 413
248 453
249 40
249 42
249 244
249 254
249 263
249 266
249 269
249 271
249 276
249 278
249 279
249 282
249 284
249 285
249 286
249 288
249 292
249 294
249 295
249 296
249 304
249 305
249 306
249 311
249 316
249 318
249 320
249 321
249 331
249 337
249 342
250 60
250 252
250 261
250 262
250 263
250 269
250 272
250 277
250 280
250 283
250 286
250 295
250 297
250 299
250 300
250 301
250 305
250 310
250 312
250 314
250 315
250 316
250 321
250 323
250 333
250 336
250 338
250 339
250 340
250 346
251 232
251 247
251 248
251 251
251 261
251 263
251 269
251 271
251 279
251 283
251 290
251 291
251 299
251 307
251 330
251 333
251 334
251 337
251 589
252 247
252 251
252 253
252 256
252 262
252 267
252 269
252 271
252 273
252 278
252 282
252 290
252 293
252 312
252 313
252 318
252 325
252 326
252 334
252 337
252 339
252 340
253 242
253 244
253 247
253 251
253 256
253 261
253 264
253 265
253 268
253 271
253 273
253 277
253 278
253 280
253 285
253 292
253 294
253 295
253 298
253 307
253 308
253 316
253 318
253 319
253 320
253 323
253 324
253 325
253 327
253 329
253 337
253 340
254 248
254 250
254 252
254 253
254 255
254 263
254 265
254 268
254 269
254 270
254 276
254 277
254 279
254 286
254 289
254 294
254 296
254 307
254 317
254 318
254 322
254 325
254 328
254 335
254 336
254 338
255 238
255 241
255 244
255 246
255 247
255 256
255 262
255 263
255 264
255 268
255 276
255 277
255 278
255 282
255 294
255 298
255 300
255 301
255 302
255 315
255 318
255 320
255 321
255 323
255 327
255 328
255 329
255 330
255 331
255 332
255 340
256 75
256 76
256 115
256 240
256 253
256 259
256 262
256 265
256 267
256 268
256 269
256 270
256 271
256 277
256 278
256 286
256 289
256 290
256 301
256 314
256 315
256 327
256 328
256 330
256 331
256 335
256 336
256 338
257 240
257 249
257 251
257 252
257 253
257 256
257 257
257 258
257 262
257 269
257 270
257 279
257 284
257 285
257 288
257 293
257 294
257 298
257 302
257 303
257 304
257 308
257 312
257 313
257 317
257 322
257 323
257 324
257 326
257 330
257 333
257 384
258 241
258 244
258 245
258 256
258 257
258 261
258 265
258 269
258 271
258 272
258 280
258 283
258 290
258 293
258 299
258 301
258 306
258 315
258 318
258 323
258 324
258 325
258 327
258 328
258 336
258 337
259 243
259 244
259 250
259 255
259 261
259 266
259 267
259 270
259 271
259 272
259 276
259 287
259 289
259 290
259 292
259 294
259 295
259 296
259 297
259 299
259 300
259 302
259 304
259 305
259 313
259 314
259 318
259 319
259 321
259 324
259 327
259 328
259 330
259 335
260 235
260 237
260 249
260 259
260 260
260 261
260 266
260 267
260 269
260 270
260 285
260 286
260 289
260 291
260 292
260 313
260 316
260 317
260 320
260 326
260 334
261 56
261 59
261 225
261 244
261 251
261 256
261 257
261 267
261 275
261 276
261 277
261 278
261 288
261 291
261 295
261 298
261 304
261 305
261 308
261 319
261 320
261 323
261 331
261 335
262 44
262 45
262 50
262 236
262 237
262 240
262 245
262 246
262 251
262 254
262 258
262 265
262 266
262 276
262 278
262 294
262 296
262 299
262 302
262 316
262 319
262 323
262 326
262 327
262 330
262 332
262 345
262 384
263 126
263 233
263 238
263 241
263 242
263 247
263 250
263 255
263 256
263 265
263 268
263 271
263 272
263 279
263 284
263 286
263 298
263 305
263 307
263 309
263 310
263 312
263 315
263 322
263 324
263 325
263 330
263 332
264 18
264 199
264 225
264 236
264 239
264 258
264 262
264 266
264 270
264 271
264 276
264 279
264 285
264 286
264 287
264 288
264 297
264 300
264 307
264 314
264 315
264 319
264 322
264 324
264 326
264 330
264 332
264 333
265 225
265 233
265 240
265 247
265 257
265 261
265 263
265 270
265 281
265 285
265 290
265 296
265 304
265 309
265 310
265 313
265 314
265 316
265 317
265 325
265 326
266 1
266 8
266 248
266 261
266 267
266 268
266 277
266 279
266 280
266 286
266 289
266 290
266 296
266 298
266 301
266 303
266 314
266 315
266 316
266 317
266 322
266 323
266 324
266 327
267 39
267 224
267 250
267 256
267 262
267 270
267 277
267 280
267 282
267 291
267 292
267 293
267 297
267 303
267 310
267 312
267 316
267 321
267 323
267 325
268 223
268 224
268 232
268 248
268 251
268 253
268 258
268 259
268 264
268 269
268 270
268 272
268 282
268 283
268 285
268 288
268 291
268 293
268 302
268 307
268 311
268 312
268 319
268 320
268 607
269 96
269 241
269 244
269 248
269 249
269 252
269 256
269 261
269 269
269 284
269 287
269 300
269 304
269 309
269 313
269 317
269 326
269 332
269 601
270 227
270 228
270 247
270 249
270 252
270 253
270 259
270 261
270 263
270 264
270 266
270 269
270 270
270 271
270 284
270 291
270 292
270 299
270 305
270 309
270 312
270 313
270 314
270 318
270 322
270 324
270 414
271 234
271 249
271 251
271 253
271 254
271 256
271 265
271 270
271 274
271 286
271 287
271 293
271 295
271 301
271 305
271 308
271 310
271 378
272 26
272 227
272 228
272 239
272 241
272 252
272 258
272 259
272 272
272 274
272 289
272 290
272 294
272 295
272 299
272 305
272 315
272 320
272 383
272 389
272 426
272 464
272 465
273 3
273 226
273 239
273 251
273 253
273 265
273 269
273 276
273 280
273 281
273 283
273 284
273 287
273 288
273 289
273 291
273 292
273 293
273 294
273 295
273 296
273 299
273 300
273 305
273 315
273 318
273 320
273 321
273 323
274 1
274 217
274 222
274 226
274 237
274 242
274 246
274 248
274 254
274 258
274 263
274 264
274 271
274 275
274 279
274 281
274 284
274 285
274 286
274 288
274 292
274 293
274 298
274 299
274 303
274 310
274 314
274 315
274 317
274 376
274 380
274 398
274 437
275 91
275 221
275 236
275 242
275 244
275 245
275 253
275 254
275 256
275 259
275 274
275 277
275 278
275 284
275 298
275 303
275 308
275 313
275 320
275 321
275 391
276 219
276 226
276 227
276 249
276 250
276 256
276 274
276 280
276 281
276 287
276 294
276 302
276 315
276 318
276 321
276 362
276 363
277 8
277 69
277 219
277 224
277 225
277 228
277 229
277 240
277 253
277 259
277 262
277 277
277 278
277 287
277 291
277 298
277 302
277 304
277 316
277 317
277 342
278 239
278 241
278 243
278 244
278 257
278 264
278 265
278 273
278 276
278 288
278 296
278 297
278 300
278 303
278 304
278 306
278 309
278 311
278 313
279 227
279 240
279 250
279 258
279 259
279 264
279 266
279 272
279 274
279 279
279 283
279 285
279 287
279 290
279 294
279 301
279 306
279 312
279 313
279 318
279 428
279 455
280 11
280 224
280 231
280 233
280 235
280 250
280 264
280 276
280 278
280 281
280 286
280 288
280 289
280 291
280 293
280 294
280 295
280 303
280 306
280 308
280 613
281 16
281 28
281 51
281 60
281 85
281 87
281 92
281 235
281 238
281 239
281 240
281 248
281 255
281 261
281 265
281 269
281 270
281 275
281 289
281 292
281 295
281 298
281 303
281 306
281 436
281 464
282 12
282 18
282 30
282 49
282 65
282 219
282 242
282 243
282 252
282 258
282 263
282 267
282 273
282 284
282 288
282 294
282 296
282 305
282 307
282 310
282 311
282 429
282 437
282 443
282 444
282 452
282 488
283 16
283 32
283 215
283 219
283 239
283 249
283 251
283 254
283 262
283 268
283 271
283 273
283 284
283 285
283 289
283 293
283 294
283 296
283 300
283 313
283 315
283 316
283 330
283 381
283 452
283 456
284 1
284 31
284 95
284 234
284 243
284 247
284 251
284 254
284 258
284 261
284 273
284 276
284 284
284 285
284 286
284 288
284 289
284 290
284 295
284 299
284 300
284 301
284 306
284 313
284 445
284 448
284 465
284 477
285 24
285 226
285 230
285 235
285 245
285 249
285 255
285 257
285 261
285 262
285 265
285 266
285 268
285 269
285 274
285 279
285 282
285 285
285 286
285 288
285 294
285 308
285 387
285 438
285 448
285 449
286 88
286 233
286 247
286 249
286 256
286 263
286 269
286 279
286 280
286 295
286 296
286 299
286 307
286 313
286 359
286 427
286 438
286 442
286 460
287 32
287 35
287 58
287 62
287 68
287 227
287 240
287 251
287 253
287 255
287 256
287 259
287 262
287 263
287 271
287 273
287 276
287 284
287 285
287 295
287 312
287 394
287 450
287 462
288 42
288 91
288 218
288 233
288 235
288 236
288 237
288 243
288 250
288 260
288 262
288 266
288 270
288 281
288 283
288 289
288 296
288 297
288 298
288 300
288 302
288 309
288 346
288 371
288 386
288 507
289 39
289 56
289 212
289 215
289 216
289 222
289 226
289 230
289 241
289 249
289 254
289 258
289 265
289 270
289 271
289 276
289 277
289 284
289 286
289 289
289 290
289 293
289 301
289 307
289 313
290 17
290 39
290 44
290 59
290 230
290 231
290 236
290 240
290 246
290 258
290 276
290 284
290 296
290 301
290 303
290 309
290 311
291 28
291 33
291 48
291 51
291 55
291 109
291 231
291 236
291 239
291 249
291 258
291 272
291 279
291 280
291 281
291 285
291 296
291 305
291 365
292 38
292 76
292 226
292 233
292 239
292 248
292 252
292 253
292 257
292 268
292 269
292 270
292 272
292 279
292 287
292 289
292 295
292 303
292 307
292 361
292 370
292 448
292 454
292 465
293 65
293 232
293 233
293 235
293 236
293 248
293 257
293 263
293 266
293 271
293 276
293 277
293 281
293 282
293 283
293 286
293 291
293 299
293 304
293 305
293 363
293 364
293 365
293 385
293 387
293 475
294 27
294 38
294 67
294 231
294 244
294 246
294 247
294 252
294 259
294 260
294 262
294 263
294 275
294 278
294 294
294 295
294 297
294 302
294 303
294 308
294 420
294 423
295 60
295 107
295 232
295 239
295 245
295 247
295 248
295 251
295 254
295 255
295 258
295 260
295 262
295 267
295 271
295 272
295 275
295 286
295 291
295 296
295 301
295 302
295 418
295 423
295 603
296 120
296 208
296 217
296 233
296 235
296 265
296 271
296 272
296 276
296 278
296 284
296 287
296 288
296 291
296 414
296 432
296 436
297 110
297 111
297 223
297 228
297 232
297 236
297 239
297 242
297 245
297 250
297 254
297 262
297 263
297 273
297 280
297 282
297 286
297 288
297 295
297 297
297 302
297 613
298 48
298 214
298 258
298 268
298 271
298 273
298 286
298 288
298 291
298 293
298 305
298 392
298 430
298 514
299 61
299 223
299 227
299 228
299 230
299 240
299 255
299 258
299 264
299 266
299 269
299 272
299 276
299 279
299 283
299 284
299 290
299 299
299 301
299 415
300 69
300 238
300 249
300 264
300 267
300 268
300 272
300 274
300 292
300 294
300 296
300 297
300 303
300 398
300 405
301 3
301 10
301 96
301 207
301 216
301 229
301 233
301 239
301 240
301 241
301 251
301 261
301 263
301 268
301 270
301 276
301 278
301 288
301 295
301 296
301 418
301 426
301 600
302 4
302 7
302 8
302 40
302 42
302 83
302 208
302 224
302 231
302 234
302 254
302 270
302 271
302 275
302 277
302 285
302 287
302 291
302 299
302 425
302 489
302 494
302 502
302 596
302 605
302 612
303 13
303 16
303 20
303 21
303 24
303 216
303 230
303 237
303 239
303 248
303 249
303 252
303 256
303 262
303 268
303 275
303 282
303 283
303 285
303 287
303 373
303 435
303 444
303 483
303 493
304 0
304 1
304 2
304 6
304 55
304 58
304 62
304 75
304 77
304 213
304 220
304 222
304 223
304 245
304 248
304 255
304 256
304 257
304 261
304 265
304 268
304 269
304 273
304 274
304 277
304 278
304 289
304 295
304 353
304 394
304 403
304 472
304 491
305 1
305 8
305 21
305 46
305 69
305 88
305 228
305 230
305 243
305 247
305 256
305 258
305 263
305 275
305 283
305 287
305 339
305 463
305 467
305 468
306 213
306 225
306 227
306 230
306 234
306 235
306 238
306 242
306 243
306 253
306 258
306 260
306 274
306 276
306 284
306 285
306 297
306 336
306 493
307 15
307 16
307 21
307 207
307 242
307 244
307 254
307 257
307 263
307 280
307 282
307 287
307 293
307 342
307 357
307 364
307 468
308 11
308 52
308 235
308 238
308 240
308 241
308 246
308 247
308 250
308 254
308 255
308 256
308 265
308 269
308 271
308 279
308 280
308 288
308 297
308 353
308 438
308 454
309 15
309 232
309 237
309 239
309 240
309 242
309 247
309 248
309 254
309 257
309 263
309 267
309 283
309 287
309 293
309 295
309 346
309 371
309 426
309 428
309 511
310 68
310 218
310 219
310 225
310 226
310 269
310 284
310 291
310 293
310 295
310 376
310 437
311 41
311 53
311 210
311 211
311 213
311 215
311 226
311 255
311 268
311 271
311 278
311 279
311 284
311 288
311 289
311 291
311 495
312 36
312 211
312 226
312 236
312 239
312 247
312 260
312 262
312 266
312 278
312 283
312 284
313 63
313 75
313 218
313 227
313 230
313 237
313 238
313 244
313 258
313 259
313 279
313 280
313 289
313 292
313 392
314 51
314 52
314 53
314 219
314 225
314 226
314 233
314 239
314 241
314 256
314 258
314 260
314 264
314 266
314 272
314 275
314 278
314 289
314 401
314 402
314 403
315 215
315 239
315 245
315 246
315 247
315 252
315 266
315 269
315 279
315 286
315 289
315 384
315 412
315 421
316 42
316 73
316 74
316 76
316 214
316 217
316 233
316 245
316 266
316 268
316 272
316 276
316 290
316 435
317 212
317 216
317 227
317 230
317 232
317 241
317 244
317 255
317 259
317 260
317 265
317 269
317 270
317 271
317 277
317 398
317 583
318 8
318 15
318 216
318 219
318 224
318 239
318 246
318 257
318 258
318 274
318 279
318 429
319 93
319 216
319 222
319 223
319 227
319 251
319 258
319 269
319 274
319 277
319 280
319 417
320 215
320 226
320 231
320 243
320 245
320 255
320 257
320 276
320 286
320 409
320 415
320 417
320 421
320 422
320 484
321 217
321 218
321 229
321 235
321 241
321 243
321 246
321 253
321 268
321 270
321 287
321 318
321 412
321 415
321 416
321 502
321 506
321 510
321 519
322 70
322 210
322 215
322 223
322 226
322 239
322 242
322 246
322 256
322 264
322 278
322 491
322 492
322 495
322 500
323 38
323 48
323 49
323 214
323 236
323 243
323 244
323 249
323 252
323 254
323 255
323 258
323 260
323 266
323 276
323 382
323 388
323 389
323 404
323 407
323 408
323 417
323 426
323 466
323 489
323 502
323 530
323 532
323 547
323 555
324 14
324 33
324 219
324 227
324 229
324 234
324 243
324 246
324 257
324 259
324 261
324 266
324 271
324 278
324 282
324 376
324 378
324 379
324 381
324 384
324 390
324 401
324 420
324 461
324 512
325 202
325 213
325 241
325 251
325 252
325 254
325 255
325 264
325 266
325 278
325 381
325 440
325 444
325 472
325 474
325 476
325 508
325 521
325 524
325 545
326 213
326 220
326 222
326 224
326 229
326 239
326 241
326 251
326 256
326 280
326 367
326 371
326 413
326 480
326 484
326 501
326 527
327 36
327 70
327 205
327 209
327 235
327 239
327 255
327 263
327 278
327 279
327 386
327 388
327 407
327 409
327 424
327 458
327 468
327 482
327 530
327 531
327 532
327 533
328 213
328 223
328 236
328 237
328 242
328 255
328 275
328 276
328 459
328 462
328 466
328 468
329 210
329 227
329 232
329 235
329 242
329 260
329 261
329 267
329 274
329 277
329 279
329 369
329 376
329 417
329 443
329 464
329 465
329 469
329 478
330 5
330 33
330 216
330 233
330 235
330 237
330 239
330 244
330 256
330 257
330 261
330 262
330 263
330 275
330 278
330 367
330 446
330 447
330 448
330 451
330 460
330 462
330 470
330 474
331 223
331 225
331 229
331 237
331 238
331 240
331 246
331 254
331 265
331 270
331 271
331 276
331 277
331 278
331 431
331 458
332 201
332 208
332 213
332 229
332 235
332 236
332 250
332 254
332 258
332 259
332 260
332 262
332 266
332 267
332 276
332 396
332 401
332 403
332 405
332 437
332 494
333 224
333 231
333 237
333 240
333 245
333 252
333 254
333 255
333 270
333 275
333 276
333 376
333 392
333 405
333 409
333 477
334 46
334 48
334 49
334 50
334 213
334 216
334 232
334 236
334 237
334 249
334 253
334 262
334 275
334 335
334 496
334 497
335 7
335 54
335 59
335 209
335 229
335 232
335 239
335 246
335 250
335 260
335 262
335 263
335 264
335 274
335 352
335 416
335 422
336 16
336 57
336 212
336 217
336 235
336 239
336 246
336 247
336 257
336 258
336 269
336 273
336 302
336 383
336 420
337 211
337 249
337 255
337 263
338 26
338 30
338 44
338 45
338 219
338 239
338 240
338 243
338 245
338 250
338 258
338 441
338 501
339 239
339 255
339 257
339 258
339 268
339 506
339 603
340 11
340 53
340 229
340 245
340 259
340 261
340 269
340 486
340 497
340 500
340 541
340 557
340 566
340 568
340 582
340 596
340 602
340 605
341 14
341 237
341 251
341 256
341 259
341 265
341 274
341 473
341 521
341 551
341 556
341 565
341 580
341 581
341 583
341 592
342 5
342 57
342 244
342 254
342 260
342 269
342 547
342 553
342 575
342 577
343 1
343 16
343 17
343 244
343 256
343 258
343 259
343 268
343 454
343 566
343 584
344 25
344 257
344 430
345 1
345 43
345 253
345 262
345 427
346 245
346 257
346 327
346 405
346 407
347 85
347 319
347 321
347 324
347 325
347 331
347 401
347 404
347 406
347 411
347 481
348 27
348 47
348 82
348 306
348 309
348 310
348 313
348 320
348 323
348 326
348 327
348 343
348 352
348 549
348 605
349 55
349 62
349 65
349 66
349 70
349 71
349 80
349 84
349 85
349 91
349 94
349 299
349 304
349 305
349 317
349 319
349 326
349 327
349 337
349 456
349 546
350 51
350 57
350 65
350 101
350 105
350 107
350 224
350 264
350 282
350 295
350 312
350 313
350 325
350 326
350 327
350 337
350 338
350 430
350 444
350 446
350 607
351 67
351 68
351 241
351 245
351 248
351 259
351 262
351 263
351 271
351 272
351 274
351 285
351 295
351 296
351 304
351 307
351 315
351 316
351 320
351 321
351 322
351 323
351 325
351 326
351 328
351 329
351 331
351 334
351 347
351 348
351 349
351 350
351 362
351 363
351 364
351 369
351 378
351 386
351 398
351 400
351 404
351 423
351 437
351 458
351 462
351 477
351 534
351 598
351 600
351 602
352 32
352 33
352 39
352 104
352 227
352 234
352 237
352 242
352 251
352 261
352 262
352 266
352 276
352 278
352 281
352 282
352 288
352 290
352 295
352 297
352 307
352 311
352 315
352 320
352 321
352 323
352 334
352 349
352 378
352 381
352 382
352 385
352 386
352 388
352 389
352 393
352 394
352 395
352 413
352 415
352 422
352 424
352 425
352 427
352 428
352 434
352 436
352 437
352 438
352 439
352 468
352 471
352 484
352 486
352 502
352 505
352 554
352 556
352 557
352 561
352 589
352 593
353 16
353 31
353 223
353 234
353 243
353 252
353 258
353 267
353 281
353 285
353 300
353 303
353 307
353 339
353 351
353 373
353 381
353 403
353 417
353 421
353 425
353 428
353 429
353 434
353 436
353 450
353 452
353 459
353 460
353 461
353 464
353 470
353 493
353 495
354 229
354 234
354 237
354 238
354 268
354 279
354 288
354 290
354 308
354 320
354 321
354 333
354 336
354 338
354 340
354 347
354 348
354 357
354 360
354 364
354 369
354 370
354 372
354 374
354 390
354 395
354 396
354 399
354 410
354 414
354 419
354 422
354 434
354 439
354 442
354 446
354 459
354 460
354 464
354 470
355 26
355 103
355 233
355 259
355 263
355 279
355 290
355 295
355 301
355 304
355 312
355 315
355 316
355 319
355 322
355 325
355 327
355 337
355 341
355 346
355 347
355 349
355 355
355 358
355 365
355 372
355 374
355 382
355 383
355 386
355 389
355 390
355 391
355 392
355 394
355 397
355 399
355 401
355 406
355 408
355 413
355 419
355 426
355 431
355 443
355 451
355 455
355 465
355 475
355 477
355 486
355 584
355 587
355 588
356 25
356 31
356 32
356 40
356 54
356 59
356 60
356 94
356 261
356 276
356 279
356 280
356 285
356 290
356 292
356 295
356 300
356 301
356 305
356 306
356 320
356 322
356 324
356 330
356 331
356 334
356 340
356 345
356 346
356 350
356 352
356 354
356 367
356 384
356 400
356 435
356 440
356 443
356 476
357 17
357 21
357 54
357 74
357 100
357 245
357 253
357 259
357 266
357 278
357 280
357 286
357 294
357 309
357 320
357 324
357 325
357 327
357 329
357 331
357 333
357 336
357 338
357 341
357 343
357 356
357 359
357 360
357 362
357 364
357 368
357 371
357 381
357 383
357 388
357 394
357 398
357 422
357 431
357 518
357 576
357 600
358 8
358 10
358 19
358 23
358 33
358 44
358 52
358 53
358 55
358 56
358 80
358 178
358 248
358 253
358 255
358 280
358 281
358 293
358 299
358 310
358 312
358 313
358 315
358 342
358 348
358 356
358 386
358 514
358 547
359 63
359 67
359 90
359 171
359 219
359 247
359 274
359 286
359 289
359 297
359 303
359 304
359 307
359 314
359 317
359 342
359 349
359 371
359 372
359 381
359 385
359 388
359 404
359 410
359 419
359 446
359 448
359 493
359 544
359 547
360 3
360 9
360 61
360 65
360 101
360 111
360 195
360 224
360 238
360 242
360 284
360 300
360 311
360 323
360 341
360 352
360 381
360 398
360 423
360 484
361 0
361 191
361 226
361 258
361 265
361 301
361 309
361 314
361 320
361 322
361 326
361 329
361 330
361 348
361 351
361 358
361 387
361 454
361 467
361 580
361 582
362 3
362 46
362 52
362 74
362 112
362 216
362 222
362 254
362 255
362 288
362 295
362 302
362 313
362 321
362 324
362 330
362 335
362 346
362 350
362 378
362 387
362 390
362 391
362 409
362 410
362 419
362 446
362 535
362 542
363 64
363 68
363 280
363 285
363 289
363 304
363 305
363 326
363 329
363 335
363 337
363 343
363 344
363 349
363 358
363 362
363 367
363 368
363 383
363 384
363 502
363 506
363 508
363 527
364 69
364 246
364 262
364 265
364 275
364 276
364 315
364 319
364 325
364 326
364 329
364 332
364 354
364 368
364 370
364 376
364 377
364 389
364 503
364 504
364 506
364 514
364 611
364 613
365 7
365 33
365 189
365 247
365 282
365 293
365 324
365 328
365 335
365 353
365 361
365 366
365 369
365 382
365 390
365 424
365 454
365 480
365 489
365 496
365 508
366 99
366 101
366 113
366 131
366 140
366 160
366 161
366 180
366 201
366 254
366 272
366 273
366 283
366 306
366 322
366 324
366 327
366 331
366 334
366 335
366 336
366 348
366 356
366 369
366 371
366 387
366 393
366 394
366 397
366 414
366 426
366 490
366 492
366 498
366 506
366 508
366 511
367 18
367 67
367 70
367 72
367 99
367 102
367 104
367 106
367 107
367 124
367 129
367 131
367 139
367 147
367 149
367 160
367 180
367 188
367 196
367 224
367 263
367 265
367 267
367 270
367 273
367 274
367 301
367 302
367 305
367 315
367 329
367 347
367 355
367 362
367 366
367 371
367 380
367 383
367 384
367 386
367 388
367 395
367 404
367 407
367 410
367 411
367 518
367 580
367 602
368 74
368 78
368 87
368 89
368 116
368 121
368 158
368 160
368 167
368 170
368 292
368 308
368 311
368 318
368 332
368 334
368 355
368 365
368 381
368 405
368 422
368 428
368 438
368 493
368 512
368 521
369 37
369 41
369 117
369 136
369 146
369 158
369 291
369 320
369 322
369 339
369 340
369 348
369 353
369 356
369 362
369 364
369 365
369 384
369 401
369 407
369 435
369 439
369 444
369 488
369 501
369 520
369 591
370 25
370 103
370 157
370 272
370 311
370 325
370 327
370 332
370 334
370 337
370 341
370 354
370 363
370 440
370 514
371 139
371 286
371 290
371 323
371 325
371 342
371 363
371 373
371 400
371 405
371 432
371 470
371 505
372 21
372 115
372 132
372 262
372 265
372 318
372 330
372 346
372 348
372 354
372 358
372 364
372 394
372 400
372 410
372 411
372 456
372 472
373 2
373 189
373 274
373 320
373 336
373 347
373 351
373 368
373 379
373 380
373 457
373 458
373 459
373 536
373 542
373 602
373 606
374 47
374 72
374 176
374 242
374 270
374 292
374 294
374 324
374 436
374 438
374 439
374 447
374 449
374 451
374 458
374 467
374 470
374 534
374 559
375 77
375 111
375 238
375 291
375 342
375 371
375 381
375 387
375 422
375 452
375 461
375 473
375 477
375 488
375 493
375 602
375 613
375 614
376 222
376 229
376 231
376 236
376 290
376 325
376 340
376 350
376 365
376 367
376 368
376 371
376 418
376 423
376 431
376 432
376 442
376 489
376 514
376 518
376 553
376 555
376 600
376 604
376 608
376 610
377 80
377 231
377 234
377 299
377 308
377 316
377 332
377 335
377 362
377 367
377 375
377 380
377 394
377 401
377 402
377 404
377 406
377 411
377 440
377 442
377 453
377 459
377 462
377 507
377 551
378 72
378 76
378 143
378 206
378 224
378 321
378 357
378 362
378 399
378 402
378 406
378 417
378 421
378 423
378 430
378 475
378 478
378 523
379 62
379 182
379 184
379 187
379 193
379 320
379 326
379 335
379 340
379 353
379 356
379 371
379 433
379 515
379 580
379 581
379 583
380 0
380 141
380 173
380 180
380 185
380 189
380 206
380 325
380 345
380 346
380 349
380 351
380 355
380 358
380 362
380 377
380 406
380 459
380 525
380 526
380 539
380 584
380 604
381 4
381 29
381 75
381 111
381 114
381 120
381 191
381 226
381 232
381 271
381 272
381 274
381 278
381 280
381 281
381 303
381 318
381 338
381 350
381 368
381 400
381 409
381 426
381 431
381 453
381 527
381 533
381 537
381 539
382 47
382 122
382 126
382 127
382 148
382 149
382 150
382 168
382 279
382 290
382 291
382 292
382 321
382 324
382 337
382 364
382 372
382 373
382 502
383 22
383 73
383 74
383 86
383 111
383 200
383 253
383 254
383 255
383 285
383 323
383 339
383 382
383 386
383 438
383 450
383 455
383 534
383 546
383 547
383 587
100
11
6
13
8
2
10
7
7
12
6
11
7
8
8
8
4
8
3
7
1
9
10
11
2
4
10
13
10
11
7
12
12
5
4
6
13
1
10
7
4
4
11
5
3
4
3
4
4
10
9
9
10
8
10
9
7
13
3
3
13
3
4
1
11
13
2
3
8
4
10
12
11
6
6
6
9
6
12
4
6
8
12
3
10
7
3
12
10
5
13
1
4
10
3
12
9
4
8
10
7
