100
93 84
24 35
68 9
84 87
67 85
61 48
34 8
89 12
57 76
97 11
99 47
98 92
86 60
38 73
88 20
83 99
81 35
5 92
8 60
10 29
35 37
89 75
86 37
74 79
57 96
90 99
73 73
18 93
8 14
7 4
30 54
98 30
24 80
27 70
38 29
81 83
27 85
26 65
20 69
2 17
16 36
48 49
3 26
11 56
42 76
47 94
47 14
90 40
29 95
56 8
40 3
60 35
68 71
33 78
2 64
47 32
5 42
20 20
86 4
45 7
100 56
93 27
43 65
59 21
82 68
67 31
31 18
74 100
71 56
58 69
100 37
28 30
75 16
24 2
97 71
45 37
96 60
26 75
100 85
52 61
26 7
7 76
3 83
86 82
15 74
49 22
72 61
52 43
50 36
83 41
24 89
16 57
53 100
83 51
1 89
89 90
18 8
77 21
87 25
15 2
10
10
10
10
10
10
10
10
10
10
10