9965
33 189
38 193
38 199
38 211
39 205
39 219
40 181
40 199
40 213
40 218
40 223
41 187
41 207
41 216
41 218
42 177
42 184
42 186
42 226
43 177
43 183
43 194
43 205
43 215
43 217
43 224
44 186
44 188
44 211
44 223
44 225
45 181
45 194
45 195
45 202
45 217
45 220
46 188
46 191
46 214
46 221
47 192
47 194
47 196
47 215
47 221
48 188
48 213
48 220
49 189
49 191
49 193
49 194
49 211
49 213
49 218
49 220
49 222
49 223
50 185
50 187
50 201
50 204
50 211
50 212
50 214
50 226
50 227
51 181
51 186
51 193
51 238
52 175
52 179
52 185
52 190
52 191
52 193
52 194
52 209
52 216
52 219
52 227
53 178
53 189
53 193
53 197
53 200
53 206
53 240
54 184
54 185
54 191
54 203
54 215
54 220
54 232
54 236
55 177
55 191
55 195
55 204
55 207
55 209
55 220
55 223
55 225
55 227
55 231
56 181
56 192
56 202
56 203
56 206
56 209
56 218
56 225
56 234
57 178
57 201
57 221
57 224
58 183
58 190
58 195
58 200
58 203
58 207
58 218
58 223
58 238
59 186
59 194
59 199
59 210
59 223
59 226
59 227
60 180
60 184
60 191
60 199
60 206
60 215
60 217
60 222
60 244
61 179
61 181
61 187
61 199
61 200
61 216
61 224
61 233
61 239
62 187
62 189
62 202
62 206
62 210
62 212
62 222
62 226
62 230
62 241
63 172
63 183
63 217
63 222
63 228
63 232
63 240
64 182
64 183
64 205
64 213
64 220
65 187
65 198
65 202
65 210
65 215
65 222
65 230
65 231
66 194
66 201
66 203
66 214
66 216
66 222
66 223
66 224
66 236
66 242
67 204
67 220
67 237
67 238
68 188
68 242
69 227
69 230
69 245
70 177
70 231
70 237
71 237
72 242
74 185
75 239
76 162
76 164
76 234
77 163
77 239
78 164
78 232
79 161
79 168
79 171
79 235
79 238
80 170
80 180
81 165
81 189
81 237
82 159
82 161
82 235
82 240
82 243
83 237
84 186
84 242
85 191
85 234
86 237
86 243
87 237
87 239
88 241
88 242
89 164
90 163
90 183
91 178
91 185
91 186
92 185
92 240
93 192
94 244
95 234
95 241
96 236
96 238
96 242
96 243
97 195
97 207
97 237
98 181
98 194
98 208
98 241
99 182
99 194
99 197
99 223
99 224
99 239
100 172
100 179
100 182
100 241
101 198
101 210
101 240
102 188
102 216
103 217
103 218
105 191
105 192
105 216
105 218
107 172
107 236
108 187
108 197
108 235
109 193
111 235
112 234
113 175
114 190
118 173
120 157
121 178
121 186
121 190
121 192
121 196
122 169
122 170
124 184
124 195
127 188
129 180
133 179
134 186
135 202
136 193
137 179
137 204
138 174
138 178
139 188
139 189
142 176
143 182
145 181
146 186
150 175
154 172
154 184
154 194
157 189
157 202
158 179
161 188
162 179
162 185
162 199
162 200
163 166
163 193
164 173
165 179
166 167
167 170
168 223
169 170
170 174
170 224
170 225
170 227
171 186
172 176
172 225
173 226
173 227
173 228
174 224
174 229
175 227
175 232
177 174
177 187
177 227
177 229
178 165
178 236
179 158
179 172
179 234
179 235
180 163
180 228
180 234
180 240
180 242
181 161
181 170
181 175
181 186
181 221
181 235
182 168
182 184
182 235
182 236
182 237
183 232
183 234
183 236
183 237
184 184
184 229
184 234
184 238
184 243
185 221
185 239
185 252
186 136
186 231
186 236
186 237
186 249
187 203
187 222
187 233
187 241
187 242
187 244
187 253
187 257
187 261
188 161
188 182
188 200
188 222
188 240
188 242
188 246
188 255
189 172
189 222
189 231
189 232
189 236
189 242
189 244
189 250
189 256
190 135
190 173
190 224
190 232
190 233
190 246
190 247
190 253
190 264
190 268
191 132
191 137
191 187
191 242
191 246
191 249
191 251
191 252
191 253
191 255
191 264
191 270
191 275
192 127
192 132
192 137
192 229
192 233
192 236
192 243
192 245
192 246
192 258
192 263
193 176
193 193
193 225
193 236
193 241
193 251
193 258
193 268
194 125
194 126
194 132
194 164
194 178
194 180
194 219
194 221
194 229
194 232
194 236
194 237
194 239
194 247
194 269
194 270
194 274
194 278
195 124
195 130
195 170
195 218
195 220
195 221
195 222
195 239
195 242
195 246
195 254
195 260
195 273
195 279
196 127
196 131
196 136
196 138
196 171
196 174
196 177
196 224
196 226
196 230
196 232
196 237
196 240
196 241
196 242
196 269
196 271
196 280
197 115
197 118
197 123
197 126
197 128
197 129
197 131
197 140
197 175
197 186
197 223
197 225
197 228
197 231
197 234
197 241
197 243
197 245
197 248
197 251
197 261
197 271
197 273
197 279
197 286
197 288
198 108
198 113
198 126
198 132
198 138
198 165
198 175
198 185
198 223
198 239
198 249
198 251
198 255
198 258
198 261
198 272
198 273
198 276
198 277
198 288
198 290
198 292
199 116
199 120
199 121
199 124
199 221
199 229
199 240
199 241
199 243
199 244
199 245
199 251
199 252
199 258
199 260
199 285
200 114
200 116
200 122
200 132
200 175
200 220
200 230
200 232
200 235
200 236
200 242
200 243
200 245
200 249
200 252
200 254
200 256
200 257
200 258
200 261
200 263
200 266
200 288
201 103
201 110
201 115
201 123
201 135
201 140
201 141
201 185
201 233
201 242
201 247
201 253
201 257
201 258
201 259
201 272
201 290
201 296
202 106
202 107
202 110
202 113
202 139
202 221
202 224
202 227
202 230
202 239
202 252
202 257
202 263
202 269
202 278
202 282
202 286
202 296
202 299
202 302
203 102
203 109
203 115
203 116
203 119
203 120
203 122
203 128
203 130
203 135
203 166
203 173
203 220
203 223
203 224
203 230
203 232
203 237
203 239
203 240
203 244
203 256
203 260
203 263
203 266
203 268
203 278
203 288
203 292
204 100
204 110
204 128
204 131
204 135
204 136
204 137
204 165
204 219
204 223
204 230
204 232
204 256
204 261
204 263
204 269
204 274
204 290
204 293
204 302
205 94
205 112
205 119
205 135
205 136
205 138
205 141
205 166
205 168
205 222
205 227
205 229
205 233
205 244
205 257
205 261
205 263
205 286
205 291
205 294
205 298
205 300
205 305
206 94
206 102
206 103
206 113
206 119
206 120
206 130
206 135
206 139
206 141
206 166
206 211
206 215
206 218
206 237
206 240
206 243
206 248
206 252
206 260
206 265
206 268
206 270
206 285
206 287
206 290
206 295
206 296
206 297
206 298
206 306
206 307
207 96
207 108
207 109
207 118
207 123
207 126
207 136
207 137
207 252
207 254
207 261
207 264
207 270
207 276
207 277
207 280
207 284
207 285
207 287
207 288
207 306
208 94
208 95
208 107
208 110
208 111
208 128
208 134
208 213
208 219
208 221
208 226
208 228
208 244
208 246
208 257
208 262
208 266
208 271
208 278
208 283
208 285
208 294
208 295
208 299
208 303
208 304
209 87
209 91
209 93
209 107
209 116
209 119
209 121
209 137
209 172
209 227
209 228
209 235
209 236
209 237
209 238
209 239
209 242
209 243
209 244
209 250
209 251
209 252
209 265
209 268
209 269
209 277
209 278
209 282
209 286
209 288
209 289
209 292
209 294
210 110
210 113
210 115
210 119
210 121
210 122
210 128
210 131
210 134
210 136
210 137
210 172
210 174
210 228
210 232
210 237
210 238
210 240
210 243
210 261
210 264
210 265
210 274
210 278
210 280
210 304
211 97
211 102
211 104
211 110
211 111
211 121
211 123
211 137
211 138
211 141
211 167
211 214
211 215
211 217
211 227
211 233
211 237
211 238
211 242
211 246
211 248
211 251
211 257
211 260
211 263
211 264
211 265
211 276
211 281
211 282
211 284
211 289
211 291
211 293
211 299
211 307
212 97
212 101
212 111
212 115
212 120
212 123
212 126
212 132
212 134
212 140
212 166
212 216
212 219
212 221
212 225
212 231
212 240
212 241
212 243
212 245
212 246
212 247
212 248
212 249
212 261
212 262
212 272
212 273
212 284
212 302
212 306
213 87
213 92
213 112
213 115
213 118
213 127
213 131
213 132
213 136
213 151
213 155
213 164
213 166
213 212
213 222
213 225
213 228
213 234
213 242
213 245
213 249
213 251
213 257
213 268
213 270
213 273
213 281
213 290
213 297
213 298
213 304
214 84
214 85
214 88
214 108
214 121
214 126
214 127
214 128
214 131
214 135
214 153
214 164
214 206
214 208
214 210
214 220
214 223
214 233
214 242
214 243
214 247
214 250
214 262
214 263
214 282
214 285
214 292
214 293
214 295
214 296
214 302
214 303
215 87
215 95
215 99
215 104
215 105
215 112
215 118
215 120
215 121
215 122
215 128
215 137
215 138
215 140
215 149
215 173
215 174
215 218
215 224
215 225
215 237
215 241
215 243
215 244
215 248
215 258
215 263
215 270
215 271
215 289
215 290
215 291
215 293
215 297
215 309
215 311
216 91
216 92
216 93
216 103
216 117
216 119
216 169
216 219
216 228
216 230
216 233
216 235
216 238
216 239
216 247
216 251
216 253
216 256
216 257
216 264
216 270
216 300
217 82
217 85
217 100
217 110
217 117
217 135
217 137
217 145
217 147
217 151
217 163
217 175
217 209
217 212
217 214
217 216
217 219
217 224
217 229
217 240
217 255
217 264
217 267
217 273
217 276
217 277
217 285
217 286
217 292
217 294
217 303
217 312
218 85
218 103
218 107
218 108
218 125
218 142
218 145
218 155
218 165
218 175
218 212
218 221
218 224
218 225
218 231
218 235
218 256
218 257
218 259
218 268
218 275
218 281
218 283
218 285
218 289
218 291
218 295
218 298
218 300
218 310
219 88
219 97
219 99
219 100
219 102
219 104
219 116
219 127
219 135
219 136
219 137
219 141
219 148
219 178
219 187
219 188
219 216
219 235
219 239
219 244
219 248
219 252
219 253
219 256
219 269
219 271
219 272
219 274
219 277
219 279
219 284
219 286
219 287
219 289
219 290
219 291
219 298
219 302
219 304
219 306
219 307
219 309
219 313
220 95
220 96
220 104
220 110
220 114
220 134
220 149
220 176
220 184
220 214
220 216
220 218
220 221
220 225
220 230
220 233
220 250
220 256
220 258
220 273
220 283
220 286
220 290
220 294
220 295
220 296
220 301
220 305
221 89
221 94
221 95
221 96
221 98
221 100
221 110
221 111
221 116
221 123
221 137
221 141
221 148
221 175
221 187
221 192
221 199
221 202
221 214
221 222
221 224
221 231
221 237
221 238
221 241
221 252
221 254
221 266
221 269
221 270
221 271
221 272
221 273
221 280
221 283
221 286
221 291
221 311
222 102
222 105
222 113
222 115
222 120
222 121
222 125
222 127
222 134
222 147
222 168
222 170
222 183
222 185
222 192
222 196
222 224
222 227
222 228
222 229
222 230
222 260
222 262
222 277
222 293
222 312
223 88
223 89
223 96
223 98
223 100
223 113
223 127
223 133
223 143
223 150
223 174
223 202
223 208
223 213
223 214
223 224
223 258
223 285
223 292
223 295
223 300
223 309
223 312
223 313
224 83
224 85
224 93
224 98
224 101
224 117
224 119
224 121
224 131
224 134
224 140
224 143
224 144
224 170
224 208
224 215
224 219
224 234
224 243
224 250
224 258
224 266
224 270
224 274
224 288
224 289
224 294
224 295
225 82
225 91
225 95
225 103
225 110
225 114
225 129
225 134
225 139
225 140
225 150
225 163
225 171
225 176
225 204
225 208
225 210
225 213
225 214
225 217
225 222
225 231
225 242
225 245
225 248
225 249
225 250
225 260
225 264
225 266
225 269
225 270
225 281
225 291
225 304
225 307
225 313
226 92
226 101
226 107
226 108
226 112
226 116
226 119
226 123
226 147
226 150
226 162
226 217
226 227
226 242
226 263
226 269
226 279
226 283
226 284
226 285
226 286
226 287
226 288
226 298
226 304
226 307
226 308
226 309
226 311
226 312
227 87
227 88
227 89
227 91
227 95
227 98
227 109
227 117
227 120
227 124
227 125
227 139
227 150
227 162
227 185
227 205
227 207
227 208
227 223
227 243
227 258
227 259
227 267
227 278
227 282
227 286
227 287
227 302
227 310
227 313
228 81
228 89
228 91
228 105
228 121
228 123
228 134
228 138
228 139
228 147
228 148
228 149
228 180
228 185
228 189
228 213
228 228
228 232
228 236
228 237
228 238
228 245
228 246
228 252
228 260
228 267
228 272
228 276
228 283
228 290
228 292
228 293
228 299
228 302
228 306
228 310
228 311
229 81
229 83
229 84
229 91
229 94
229 96
229 97
229 113
229 119
229 126
229 135
229 206
229 218
229 222
229 231
229 233
229 236
229 240
229 245
229 253
229 263
229 265
229 268
229 270
229 271
229 272
229 279
229 286
229 292
229 295
229 296
229 298
229 300
229 306
229 313
229 314
230 83
230 84
230 88
230 93
230 102
230 107
230 115
230 120
230 132
230 136
230 154
230 170
230 182
230 185
230 193
230 196
230 218
230 224
230 232
230 240
230 241
230 247
230 249
230 256
230 268
230 269
230 280
230 285
230 287
230 289
230 297
230 299
230 305
230 315
231 84
231 85
231 102
231 105
231 106
231 107
231 108
231 111
231 116
231 124
231 137
231 138
231 148
231 153
231 156
231 160
231 188
231 191
231 195
231 198
231 207
231 209
231 211
231 221
231 222
231 230
231 240
231 242
231 243
231 245
231 250
231 273
231 279
231 285
231 287
231 290
231 292
231 294
231 297
231 298
231 309
232 82
232 101
232 109
232 112
232 113
232 121
232 132
232 144
232 149
232 151
232 152
232 159
232 164
232 166
232 171
232 196
232 204
232 205
232 213
232 215
232 221
232 223
232 227
232 230
232 235
232 237
232 242
232 252
232 262
232 264
232 265
232 271
232 276
232 292
232 294
232 310
233 89
233 90
233 92
233 93
233 96
233 103
233 109
233 111
233 114
233 119
233 132
233 135
233 144
233 148
233 150
233 156
233 160
233 162
233 174
233 175
233 203
233 212
233 213
233 214
233 233
233 239
233 249
233 253
233 263
233 279
233 290
233 298
233 303
233 307
234 86
234 87
234 95
234 98
234 100
234 106
234 108
234 112
234 130
234 136
234 138
234 144
234 148
234 158
234 173
234 175
234 203
234 211
234 212
234 214
234 220
234 224
234 225
234 227
234 234
234 236
234 249
234 265
234 275
234 282
234 285
234 293
234 295
234 297
234 302
234 306
234 310
235 85
235 90
235 99
235 104
235 113
235 122
235 124
235 143
235 208
235 210
235 215
235 220
235 230
235 231
235 236
235 237
235 242
235 260
235 266
235 271
235 274
235 277
235 318
236 96
236 98
236 100
236 103
236 121
236 126
236 127
236 132
236 134
236 135
236 143
236 146
236 148
236 152
236 162
236 190
236 204
236 208
236 211
236 214
236 215
236 216
236 217
236 224
236 235
236 239
236 245
236 249
236 251
236 256
236 258
236 259
236 262
236 281
236 283
236 287
236 290
236 294
236 297
236 300
236 302
236 307
236 309
236 318
237 83
237 91
237 106
237 110
237 123
237 130
237 134
237 146
237 148
237 177
237 178
237 182
237 184
237 188
237 219
237 222
237 238
237 239
237 249
237 254
237 257
237 259
237 260
237 267
237 270
237 272
237 277
237 279
237 291
237 292
237 307
237 312
238 80
238 81
238 83
238 86
238 90
238 92
238 105
238 113
238 116
238 118
238 122
238 124
238 127
238 129
238 138
238 145
238 147
238 177
238 179
238 184
238 190
238 192
238 207
238 213
238 216
238 221
238 224
238 228
238 230
238 232
238 234
238 238
238 250
238 254
238 264
238 266
238 269
238 274
238 275
238 277
238 307
238 314
238 316
238 318
239 80
239 82
239 90
239 96
239 100
239 108
239 124
239 128
239 129
239 131
239 143
239 144
239 168
239 207
239 209
239 225
239 245
239 248
239 253
239 258
239 259
239 264
239 276
239 279
239 280
239 281
239 287
239 289
239 291
239 292
239 298
239 301
239 304
239 310
240 85
240 91
240 103
240 104
240 113
240 116
240 120
240 122
240 131
240 133
240 135
240 142
240 147
240 148
240 164
240 184
240 192
240 193
240 194
240 195
240 196
240 198
240 205
240 207
240 208
240 213
240 219
240 238
240 241
240 243
240 258
240 262
240 263
240 264
240 267
240 271
240 279
240 281
240 283
240 301
240 312
240 313
240 316
240 319
241 84
241 99
241 105
241 107
241 108
241 109
241 119
241 121
241 127
241 134
241 136
241 138
241 142
241 154
241 156
241 158
241 166
241 205
241 211
241 217
241 223
241 226
241 228
241 235
241 242
241 249
241 252
241 257
241 261
241 269
241 270
241 274
241 291
241 296
241 306
241 317
241 320
242 103
242 105
242 107
242 110
242 115
242 118
242 120
242 130
242 133
242 138
242 144
242 145
242 147
242 148
242 151
242 152
242 153
242 156
242 207
242 210
242 219
242 224
242 237
242 256
242 268
242 292
242 293
242 295
242 298
242 299
242 307
242 309
243 83
243 87
243 90
243 92
243 95
243 107
243 112
243 116
243 124
243 126
243 133
243 141
243 145
243 162
243 169
243 198
243 203
243 207
243 210
243 213
243 215
243 216
243 217
243 220
243 221
243 233
243 242
243 247
243 248
243 255
243 258
243 268
243 270
243 273
243 290
243 296
243 298
243 299
243 307
243 310
243 312
243 317
244 83
244 101
244 106
244 142
244 143
244 144
244 154
244 212
244 214
244 215
244 219
244 224
244 232
244 250
244 252
244 267
244 276
244 277
244 283
244 286
244 287
244 299
244 300
244 302
244 312
244 314
244 317
245 81
245 94
245 99
245 102
245 110
245 111
245 114
245 124
245 125
245 129
245 134
245 137
245 149
245 151
245 157
245 162
245 179
245 205
245 206
245 208
245 218
245 226
245 230
245 233
245 239
245 243
245 247
245 248
245 251
245 266
245 268
245 272
245 281
245 287
245 291
245 293
245 304
245 305
245 308
245 312
245 313
245 317
246 92
246 95
246 96
246 103
246 111
246 127
246 138
246 139
246 142
246 145
246 188
246 214
246 215
246 239
246 255
246 256
246 257
246 262
246 273
246 274
246 278
246 279
246 282
246 283
246 293
246 305
246 315
247 88
247 89
247 92
247 100
247 121
247 124
247 126
247 127
247 128
247 129
247 130
247 141
247 150
247 151
247 183
247 188
247 191
247 201
247 203
247 206
247 224
247 231
247 246
247 250
247 261
247 264
247 267
247 277
247 278
247 279
247 288
247 289
247 290
247 292
247 309
248 83
248 84
248 99
248 101
248 105
248 109
248 111
248 114
248 115
248 120
248 140
248 180
248 181
248 183
248 184
248 187
248 190
248 196
248 208
248 211
248 214
248 224
248 226
248 230
248 236
248 239
248 243
248 246
248 248
248 258
248 260
248 261
248 266
248 267
248 268
248 273
248 285
248 293
248 296
248 304
248 314
249 85
249 88
249 108
249 111
249 115
249 117
249 121
249 126
249 127
249 128
249 130
249 131
249 132
249 140
249 141
249 144
249 151
249 189
249 207
249 211
249 218
249 220
249 224
249 228
249 231
249 235
249 240
249 244
249 251
249 260
249 264
249 272
249 275
249 289
249 294
249 307
250 88
250 95
250 100
250 101
250 110
250 114
250 117
250 120
250 124
250 130
250 131
250 150
250 152
250 161
250 196
250 207
250 210
250 213
250 220
250 228
250 236
250 242
250 246
250 257
250 279
250 282
250 285
250 303
250 309
250 317
251 89
251 90
251 92
251 101
251 109
251 121
251 126
251 133
251 145
251 148
251 199
251 226
251 229
251 239
251 240
251 248
251 250
251 252
251 259
251 279
251 281
251 290
251 297
251 305
251 311
251 313
251 319
252 80
252 82
252 83
252 87
252 95
252 97
252 106
252 111
252 113
252 114
252 117
252 136
252 141
252 163
252 164
252 202
252 215
252 226
252 243
252 266
252 273
252 281
252 286
252 296
252 301
252 304
252 309
252 311
253 81
253 89
253 96
253 123
253 126
253 128
253 130
253 132
253 135
253 145
253 148
253 149
253 151
253 152
253 154
253 164
253 175
253 201
253 205
253 212
253 215
253 223
253 226
253 231
253 232
253 234
253 239
253 242
253 247
253 249
253 252
253 258
253 260
253 266
253 270
253 279
253 281
253 289
253 295
253 316
254 83
254 86
254 90
254 91
254 94
254 97
254 100
254 101
254 104
254 105
254 109
254 116
254 123
254 127
254 133
254 135
254 145
254 157
254 160
254 177
254 179
254 181
254 185
254 204
254 205
254 209
254 213
254 219
254 220
254 224
254 228
254 240
254 241
254 244
254 246
254 250
254 260
254 261
254 262
254 264
254 273
254 282
254 283
254 295
254 297
254 306
254 314
254 316
255 81
255 101
255 102
255 115
255 122
255 124
255 130
255 140
255 147
255 150
255 175
255 179
255 192
255 198
255 201
255 202
255 211
255 213
255 218
255 219
255 226
255 232
255 243
255 244
255 245
255 246
255 256
255 261
255 263
255 265
255 268
255 269
255 279
255 288
255 294
255 297
255 300
255 303
255 304
255 307
255 309
255 315
255 316
256 77
256 80
256 83
256 84
256 98
256 99
256 116
256 117
256 121
256 125
256 127
256 144
256 200
256 201
256 217
256 221
256 226
256 229
256 238
256 248
256 251
256 261
256 263
256 266
256 276
256 281
256 292
256 296
256 297
256 305
256 313
257 87
257 91
257 92
257 96
257 102
257 104
257 105
257 121
257 128
257 149
257 177
257 182
257 188
257 191
257 197
257 206
257 210
257 233
257 236
257 237
257 242
257 246
257 247
257 254
257 272
257 276
257 279
257 282
257 292
257 298
257 301
257 309
257 312
258 78
258 94
258 95
258 102
258 111
258 113
258 118
258 120
258 135
258 136
258 151
258 185
258 192
258 195
258 199
258 200
258 202
258 203
258 204
258 214
258 218
258 225
258 235
258 246
258 247
258 253
258 257
258 258
258 259
258 260
258 261
258 263
258 288
258 289
258 290
258 291
258 297
258 313
258 314
259 87
259 91
259 92
259 97
259 98
259 106
259 110
259 111
259 112
259 113
259 120
259 128
259 135
259 140
259 142
259 147
259 157
259 158
259 191
259 203
259 209
259 221
259 231
259 232
259 263
259 266
259 270
259 272
259 277
259 278
259 281
259 283
259 285
259 287
259 290
259 291
259 292
259 297
259 304
259 313
259 314
260 86
260 103
260 109
260 116
260 122
260 123
260 130
260 132
260 137
260 144
260 160
260 201
260 205
260 211
260 215
260 216
260 219
260 225
260 229
260 236
260 241
260 242
260 246
260 254
260 256
260 259
260 264
260 274
260 275
260 279
260 290
260 291
260 297
260 301
260 303
260 311
260 316
261 90
261 92
261 95
261 98
261 111
261 117
261 119
261 120
261 151
261 152
261 160
261 162
261 201
261 203
261 210
261 212
261 222
261 225
261 235
261 236
261 248
261 255
261 256
261 257
261 258
261 261
261 263
261 267
261 278
261 283
261 286
261 293
261 309
261 311
261 317
262 89
262 91
262 94
262 95
262 99
262 100
262 105
262 107
262 112
262 116
262 122
262 129
262 131
262 132
262 140
262 154
262 161
262 178
262 199
262 211
262 214
262 215
262 223
262 229
262 238
262 245
262 251
262 255
262 257
262 258
262 269
262 272
262 273
262 275
262 277
262 282
262 283
262 284
262 287
262 295
262 300
262 308
262 309
262 318
263 81
263 88
263 94
263 99
263 100
263 101
263 106
263 114
263 121
263 135
263 143
263 145
263 147
263 151
263 175
263 197
263 212
263 213
263 217
263 218
263 225
263 229
263 231
263 232
263 245
263 249
263 250
263 253
263 260
263 267
263 270
263 277
263 279
263 283
263 286
263 288
263 291
263 297
263 304
263 306
263 311
263 321
264 86
264 100
264 101
264 105
264 106
264 114
264 119
264 120
264 123
264 136
264 149
264 197
264 198
264 200
264 202
264 205
264 206
264 231
264 241
264 242
264 243
264 244
264 274
264 281
264 299
264 303
264 304
264 305
264 307
264 317
265 80
265 83
265 85
265 92
265 103
265 105
265 106
265 110
265 112
265 113
265 124
265 135
265 142
265 153
265 177
265 181
265 183
265 191
265 192
265 195
265 200
265 209
265 220
265 226
265 231
265 234
265 237
265 247
265 248
265 250
265 254
265 260
265 265
265 272
265 282
265 285
265 296
265 297
265 305
266 86
266 87
266 105
266 109
266 110
266 113
266 116
266 118
266 127
266 134
266 142
266 143
266 150
266 184
266 189
266 190
266 192
266 230
266 242
266 243
266 245
266 247
266 249
266 252
266 256
266 260
266 262
266 278
266 280
266 283
266 284
266 286
266 289
266 292
266 294
266 304
266 312
267 82
267 84
267 87
267 88
267 92
267 112
267 115
267 118
267 119
267 125
267 129
267 132
267 133
267 140
267 142
267 143
267 180
267 181
267 185
267 189
267 194
267 197
267 198
267 212
267 218
267 221
267 258
267 260
267 262
267 266
267 272
267 280
267 290
267 293
267 296
267 299
267 308
267 322
268 81
268 84
268 87
268 94
268 96
268 102
268 103
268 104
268 108
268 113
268 114
268 119
268 122
268 123
268 125
268 129
268 137
268 149
268 190
268 191
268 194
268 199
268 211
268 223
268 228
268 229
268 230
268 231
268 234
268 256
268 258
268 261
268 262
268 265
268 275
268 283
268 296
268 298
268 300
268 305
268 306
268 311
268 313
268 315
268 319
269 79
269 80
269 85
269 92
269 97
269 111
269 118
269 126
269 132
269 133
269 139
269 144
269 146
269 148
269 189
269 198
269 201
269 208
269 212
269 232
269 236
269 240
269 241
269 242
269 245
269 257
269 258
269 259
269 264
269 275
269 277
269 283
269 285
269 287
269 294
269 295
269 309
269 311
269 315
269 319
269 320
269 324
270 88
270 90
270 97
270 107
270 113
270 115
270 119
270 124
270 126
270 127
270 133
270 138
270 144
270 205
270 213
270 215
270 216
270 223
270 225
270 230
270 234
270 235
270 253
270 256
270 258
270 263
270 265
270 289
270 294
270 300
270 304
270 311
270 313
270 315
270 322
271 77
271 85
271 95
271 105
271 111
271 113
271 118
271 119
271 126
271 131
271 135
271 145
271 146
271 147
271 153
271 160
271 162
271 164
271 167
271 175
271 207
271 229
271 230
271 234
271 237
271 249
271 250
271 253
271 255
271 263
271 268
271 269
271 276
271 282
271 285
271 286
271 289
271 303
271 306
271 312
271 314
271 315
271 317
271 318
272 87
272 95
272 98
272 99
272 108
272 111
272 116
272 119
272 125
272 143
272 146
272 150
272 162
272 170
272 182
272 191
272 197
272 199
272 209
272 211
272 217
272 219
272 229
272 231
272 242
272 244
272 246
272 249
272 251
272 253
272 258
272 260
272 279
272 281
272 284
272 290
272 291
272 299
272 301
272 305
272 312
272 314
272 320
272 322
273 83
273 84
273 87
273 97
273 100
273 104
273 107
273 114
273 118
273 121
273 125
273 136
273 139
273 141
273 146
273 148
273 150
273 152
273 163
273 172
273 175
273 199
273 200
273 201
273 206
273 207
273 216
273 217
273 229
273 239
273 244
273 247
273 248
273 250
273 251
273 263
273 265
273 274
273 276
273 278
273 288
273 306
273 307
273 311
273 312
273 315
273 323
274 93
274 103
274 109
274 113
274 114
274 125
274 126
274 127
274 128
274 131
274 134
274 146
274 148
274 180
274 183
274 197
274 205
274 209
274 221
274 223
274 224
274 226
274 231
274 244
274 249
274 252
274 254
274 257
274 267
274 273
274 275
274 276
274 292
274 298
274 300
274 307
274 311
274 316
274 318
274 323
275 78
275 79
275 83
275 85
275 88
275 120
275 123
275 133
275 134
275 171
275 173
275 183
275 184
275 196
275 197
275 199
275 202
275 204
275 218
275 222
275 224
275 226
275 228
275 231
275 234
275 240
275 244
275 251
275 256
275 259
275 263
275 268
275 270
275 276
275 283
275 298
275 299
275 305
275 308
275 309
275 324
276 96
276 97
276 101
276 103
276 107
276 108
276 110
276 112
276 119
276 120
276 125
276 127
276 129
276 132
276 133
276 136
276 139
276 146
276 149
276 183
276 186
276 193
276 195
276 197
276 200
276 210
276 215
276 219
276 227
276 243
276 254
276 256
276 268
276 269
276 270
276 276
276 279
276 283
276 289
276 291
276 293
276 300
276 301
276 302
276 321
276 324
277 81
277 89
277 91
277 96
277 103
277 120
277 125
277 126
277 131
277 134
277 138
277 142
277 146
277 169
277 173
277 190
277 200
277 209
277 219
277 223
277 226
277 228
277 229
277 230
277 232
277 240
277 250
277 256
277 261
277 265
277 269
277 271
277 272
277 285
277 300
277 302
277 303
277 309
277 316
278 82
278 89
278 97
278 107
278 109
278 121
278 127
278 133
278 137
278 139
278 142
278 147
278 152
278 172
278 185
278 187
278 191
278 202
278 217
278 221
278 227
278 228
278 233
278 234
278 242
278 244
278 253
278 254
278 255
278 263
278 264
278 266
278 267
278 277
278 280
278 282
278 288
278 300
278 302
278 311
278 323
279 82
279 83
279 92
279 96
279 98
279 100
279 110
279 111
279 118
279 122
279 123
279 127
279 130
279 133
279 134
279 139
279 144
279 147
279 153
279 154
279 155
279 159
279 161
279 197
279 202
279 208
279 215
279 218
279 219
279 227
279 232
279 235
279 236
279 240
279 246
279 254
279 257
279 259
279 265
279 269
279 275
279 281
279 286
279 291
279 299
279 304
279 319
279 321
279 323
280 80
280 84
280 91
280 99
280 105
280 112
280 119
280 120
280 136
280 149
280 151
280 202
280 205
280 206
280 216
280 218
280 219
280 227
280 228
280 239
280 264
280 266
280 267
280 271
280 279
280 280
280 286
280 289
280 294
280 295
280 305
280 306
280 309
280 317
280 318
280 320
280 323
281 83
281 90
281 91
281 92
281 107
281 110
281 111
281 115
281 122
281 148
281 153
281 158
281 162
281 183
281 196
281 205
281 206
281 207
281 208
281 213
281 221
281 226
281 227
281 250
281 259
281 275
281 292
281 305
281 319
282 90
282 96
282 97
282 101
282 113
282 119
282 121
282 122
282 127
282 128
282 131
282 134
282 147
282 159
282 161
282 168
282 174
282 207
282 208
282 211
282 220
282 223
282 238
282 252
282 261
282 263
282 266
282 271
282 272
282 275
282 276
282 284
282 285
282 294
282 299
282 301
282 306
282 311
282 322
282 323
283 90
283 121
283 129
283 131
283 147
283 151
283 156
283 161
283 168
283 176
283 179
283 196
283 203
283 213
283 223
283 225
283 226
283 227
283 244
283 249
283 252
283 255
283 268
283 277
283 281
283 282
283 284
283 292
283 295
283 298
283 299
283 302
283 303
283 323
283 324
283 329
284 82
284 87
284 90
284 93
284 101
284 109
284 111
284 113
284 115
284 119
284 121
284 142
284 152
284 157
284 158
284 170
284 181
284 182
284 190
284 218
284 221
284 243
284 254
284 261
284 273
284 275
284 294
284 295
284 296
284 302
284 310
284 315
284 325
284 326
285 91
285 95
285 98
285 103
285 107
285 125
285 129
285 132
285 133
285 135
285 139
285 150
285 157
285 173
285 178
285 183
285 188
285 189
285 208
285 211
285 221
285 227
285 228
285 245
285 268
285 271
285 273
285 277
285 286
285 290
285 301
285 303
285 305
285 309
285 320
285 323
286 77
286 80
286 81
286 85
286 96
286 104
286 113
286 114
286 118
286 119
286 122
286 128
286 131
286 149
286 152
286 153
286 173
286 179
286 180
286 190
286 191
286 205
286 207
286 214
286 215
286 217
286 220
286 222
286 229
286 250
286 263
286 271
286 277
286 286
286 294
286 300
286 301
286 306
286 311
286 312
286 321
286 325
287 83
287 94
287 97
287 120
287 125
287 130
287 135
287 136
287 153
287 155
287 190
287 192
287 197
287 200
287 207
287 220
287 229
287 267
287 272
287 278
287 284
287 290
287 291
287 299
287 301
287 302
287 304
287 308
287 323
288 101
288 108
288 111
288 115
288 119
288 124
288 163
288 188
288 190
288 203
288 207
288 208
288 215
288 218
288 222
288 223
288 226
288 227
288 229
288 239
288 269
288 278
288 285
288 286
288 294
288 298
288 310
288 314
288 316
288 319
288 320
288 322
288 328
288 329
288 332
288 337
289 82
289 91
289 95
289 104
289 117
289 130
289 132
289 136
289 137
289 139
289 144
289 152
289 155
289 160
289 169
289 177
289 198
289 199
289 201
289 208
289 212
289 214
289 215
289 218
289 219
289 221
289 235
289 261
289 274
289 275
289 281
289 282
289 284
289 287
289 290
289 291
289 301
289 303
289 315
289 317
289 323
289 324
289 325
289 328
289 331
289 334
290 85
290 92
290 93
290 99
290 109
290 110
290 111
290 119
290 135
290 139
290 148
290 152
290 156
290 176
290 181
290 196
290 200
290 203
290 208
290 210
290 212
290 216
290 219
290 224
290 240
290 259
290 285
290 287
290 295
290 302
290 305
290 314
290 325
290 335
291 77
291 82
291 84
291 85
291 87
291 89
291 99
291 106
291 122
291 123
291 128
291 139
291 142
291 144
291 148
291 159
291 191
291 203
291 206
291 225
291 227
291 239
291 247
291 273
291 277
291 297
291 302
291 303
291 307
291 311
291 314
291 319
291 337
292 79
292 85
292 96
292 99
292 107
292 109
292 114
292 116
292 118
292 121
292 123
292 124
292 126
292 130
292 135
292 137
292 147
292 148
292 149
292 152
292 164
292 165
292 167
292 169
292 174
292 177
292 179
292 185
292 189
292 196
292 206
292 212
292 216
292 221
292 223
292 225
292 226
292 228
292 244
292 280
292 290
292 299
292 300
292 303
292 307
292 309
292 316
292 322
292 327
292 328
292 329
292 330
293 94
293 95
293 99
293 102
293 111
293 112
293 116
293 120
293 122
293 127
293 128
293 129
293 133
293 137
293 140
293 141
293 150
293 157
293 173
293 178
293 181
293 188
293 194
293 205
293 206
293 214
293 215
293 217
293 224
293 261
293 285
293 286
293 288
293 289
293 296
293 312
293 318
293 329
293 335
293 337
294 79
294 84
294 85
294 86
294 89
294 91
294 96
294 99
294 102
294 112
294 116
294 126
294 129
294 132
294 133
294 137
294 139
294 151
294 152
294 173
294 174
294 177
294 178
294 187
294 191
294 193
294 203
294 204
294 205
294 220
294 244
294 284
294 299
294 302
294 303
294 306
294 308
294 318
294 321
295 78
295 84
295 88
295 89
295 93
295 102
295 110
295 117
295 143
295 145
295 149
295 156
295 167
295 168
295 173
295 179
295 187
295 188
295 195
295 196
295 202
295 205
295 211
295 231
295 268
295 278
295 284
295 296
295 299
295 303
295 309
295 313
295 314
295 316
295 330
295 334
295 338
296 81
296 82
296 83
296 87
296 91
296 102
296 114
296 121
296 129
296 130
296 145
296 158
296 173
296 184
296 187
296 197
296 202
296 203
296 204
296 212
296 213
296 219
296 278
296 281
296 282
296 288
296 292
296 296
296 305
296 311
296 319
296 320
296 330
296 340
297 79
297 81
297 84
297 85
297 86
297 92
297 103
297 111
297 121
297 122
297 134
297 190
297 202
297 205
297 214
297 215
297 216
297 217
297 227
297 235
297 274
297 279
297 290
297 291
297 295
297 310
297 326
297 328
297 333
298 85
298 93
298 102
298 106
298 109
298 111
298 117
298 119
298 121
298 127
298 142
298 146
298 147
298 149
298 150
298 153
298 157
298 168
298 186
298 200
298 203
298 205
298 214
298 216
298 219
298 227
298 234
298 290
298 294
298 300
298 306
298 318
298 320
298 321
298 323
298 329
298 331
298 333
298 334
298 336
298 337
299 82
299 86
299 87
299 90
299 95
299 97
299 100
299 103
299 117
299 118
299 119
299 125
299 127
299 132
299 147
299 148
299 162
299 186
299 196
299 202
299 214
299 215
299 216
299 224
299 227
299 228
299 235
299 239
299 277
299 278
299 286
299 288
299 290
299 293
299 295
299 299
299 301
299 307
299 309
299 311
299 312
299 323
299 324
299 328
299 335
299 339
299 341
300 82
300 83
300 84
300 89
300 100
300 102
300 103
300 108
300 111
300 112
300 116
300 126
300 129
300 137
300 142
300 151
300 159
300 160
300 162
300 163
300 164
300 192
300 197
300 201
300 212
300 216
300 218
300 221
300 225
300 230
300 264
300 280
300 282
300 295
300 296
300 310
300 316
300 318
300 322
300 331
300 339
300 340
300 342
301 82
301 85
301 86
301 88
301 91
301 97
301 99
301 104
301 106
301 110
301 111
301 114
301 120
301 122
301 135
301 140
301 144
301 153
301 155
301 159
301 162
301 163
301 176
301 177
301 191
301 199
301 209
301 214
301 221
301 223
301 228
301 236
301 244
301 278
301 294
301 296
301 297
301 315
301 323
301 324
301 325
301 331
301 337
301 346
302 77
302 87
302 94
302 95
302 96
302 105
302 111
302 112
302 114
302 118
302 136
302 148
302 149
302 154
302 155
302 160
302 163
302 169
302 173
302 181
302 195
302 198
302 199
302 203
302 207
302 208
302 209
302 212
302 242
302 245
302 290
302 292
302 300
302 301
302 305
302 309
302 318
302 319
302 326
302 327
302 330
302 333
302 335
302 338
302 340
303 78
303 85
303 87
303 107
303 108
303 112
303 113
303 122
303 129
303 141
303 144
303 146
303 158
303 159
303 164
303 172
303 178
303 194
303 197
303 202
303 203
303 209
303 211
303 215
303 218
303 225
303 227
303 270
303 287
303 289
303 321
303 327
303 328
303 330
303 333
303 338
303 342
303 346
303 348
303 349
304 77
304 89
304 90
304 98
304 125
304 127
304 135
304 142
304 150
304 153
304 176
304 183
304 186
304 191
304 193
304 196
304 200
304 206
304 217
304 221
304 224
304 227
304 251
304 282
304 284
304 290
304 291
304 293
304 294
304 300
304 304
304 307
304 308
304 312
304 320
304 322
304 324
304 327
304 328
304 329
304 333
304 335
304 348
304 350
305 78
305 79
305 85
305 88
305 89
305 95
305 96
305 102
305 106
305 108
305 127
305 144
305 147
305 152
305 158
305 178
305 183
305 185
305 193
305 203
305 206
305 208
305 211
305 219
305 224
305 225
305 226
305 228
305 229
305 237
305 241
305 280
305 281
305 286
305 287
305 298
305 334
305 341
305 345
305 350
306 80
306 84
306 87
306 91
306 100
306 101
306 102
306 106
306 109
306 114
306 124
306 125
306 127
306 129
306 142
306 147
306 153
306 156
306 168
306 187
306 195
306 196
306 203
306 210
306 212
306 215
306 217
306 227
306 233
306 278
306 284
306 290
306 301
306 304
306 308
306 313
306 315
306 322
306 326
306 333
306 337
306 338
307 82
307 85
307 86
307 91
307 93
307 95
307 96
307 97
307 103
307 111
307 116
307 120
307 131
307 134
307 152
307 189
307 192
307 196
307 208
307 219
307 223
307 224
307 226
307 227
307 231
307 253
307 276
307 280
307 281
307 285
307 288
307 291
307 299
307 300
307 305
307 306
307 313
307 315
307 317
307 326
307 327
307 339
307 343
307 348
308 86
308 87
308 89
308 91
308 93
308 108
308 111
308 112
308 120
308 124
308 129
308 134
308 142
308 147
308 161
308 189
308 192
308 199
308 211
308 213
308 216
308 219
308 224
308 228
308 229
308 232
308 233
308 280
308 292
308 307
308 324
308 329
308 335
308 349
308 351
308 352
309 83
309 87
309 101
309 103
309 108
309 112
309 114
309 117
309 121
309 122
309 128
309 131
309 135
309 143
309 155
309 165
309 217
309 222
309 228
309 231
309 232
309 235
309 258
309 281
309 292
309 304
309 305
309 306
309 318
309 321
309 330
309 332
309 335
309 336
309 339
309 340
309 343
309 349
309 352
310 92
310 108
310 109
310 116
310 117
310 119
310 128
310 132
310 134
310 136
310 146
310 149
310 151
310 154
310 161
310 162
310 184
310 191
310 202
310 209
310 210
310 214
310 217
310 219
310 223
310 227
310 287
310 288
310 289
310 293
310 295
310 298
310 300
310 306
310 315
310 317
310 320
310 321
310 322
310 329
310 330
310 332
310 334
310 335
310 336
310 349
311 79
311 81
311 83
311 86
311 89
311 90
311 93
311 95
311 98
311 100
311 101
311 113
311 119
311 135
311 138
311 139
311 140
311 141
311 143
311 159
311 182
311 184
311 202
311 208
311 210
311 220
311 222
311 223
311 224
311 225
311 228
311 231
311 234
311 286
311 287
311 292
311 293
311 295
311 302
311 309
311 328
311 335
311 337
311 343
311 347
311 351
311 355
312 83
312 84
312 86
312 89
312 90
312 97
312 99
312 117
312 120
312 125
312 150
312 151
312 169
312 179
312 182
312 186
312 194
312 195
312 197
312 202
312 208
312 210
312 211
312 214
312 220
312 222
312 224
312 234
312 248
312 281
312 283
312 286
312 303
312 304
312 305
312 323
312 324
312 326
312 335
312 339
312 351
312 352
313 74
313 78
313 86
313 96
313 101
313 102
313 119
313 122
313 127
313 138
313 139
313 162
313 167
313 176
313 177
313 196
313 198
313 202
313 205
313 212
313 214
313 282
313 284
313 285
313 288
313 291
313 292
313 293
313 296
313 300
313 301
313 321
313 326
314 79
314 84
314 90
314 109
314 113
314 120
314 123
314 133
314 134
314 136
314 140
314 141
314 143
314 144
314 151
314 157
314 159
314 173
314 179
314 183
314 184
314 185
314 188
314 195
314 200
314 212
314 216
314 220
314 224
314 229
314 232
314 236
314 282
314 298
314 305
314 319
314 321
314 326
314 328
314 329
314 330
314 338
315 74
315 85
315 90
315 93
315 103
315 105
315 106
315 109
315 117
315 123
315 125
315 129
315 139
315 146
315 153
315 159
315 160
315 161
315 181
315 183
315 209
315 215
315 218
315 219
315 220
315 227
315 232
315 233
315 239
315 249
315 287
315 293
315 296
315 297
315 299
315 307
315 309
315 310
315 333
315 336
315 338
315 349
315 352
315 353
315 356
316 76
316 78
316 81
316 87
316 90
316 92
316 93
316 97
316 111
316 116
316 118
316 124
316 130
316 133
316 140
316 141
316 148
316 155
316 158
316 178
316 185
316 187
316 189
316 193
316 194
316 201
316 205
316 210
316 219
316 223
316 227
316 238
316 244
316 282
316 283
316 288
316 293
316 300
316 302
316 306
316 307
316 319
316 321
316 332
316 344
316 345
316 347
317 74
317 77
317 79
317 82
317 85
317 89
317 94
317 100
317 116
317 121
317 123
317 127
317 128
317 131
317 139
317 149
317 151
317 157
317 168
317 194
317 202
317 203
317 204
317 209
317 210
317 213
317 215
317 216
317 229
317 231
317 232
317 286
317 297
317 299
317 302
317 303
317 304
317 305
317 308
317 310
317 314
317 315
317 318
317 321
317 322
317 333
317 335
317 336
317 341
317 346
318 75
318 88
318 97
318 99
318 101
318 103
318 105
318 108
318 109
318 111
318 120
318 128
318 129
318 133
318 141
318 150
318 154
318 163
318 166
318 167
318 169
318 185
318 189
318 190
318 192
318 196
318 198
318 208
318 215
318 219
318 220
318 228
318 231
318 232
318 233
318 243
318 245
318 249
318 263
318 291
318 296
318 297
318 300
318 301
318 311
318 315
318 324
318 341
318 349
318 351
318 353
319 87
319 98
319 103
319 107
319 109
319 117
319 120
319 122
319 125
319 127
319 131
319 133
319 139
319 146
319 149
319 151
319 154
319 155
319 175
319 187
319 188
319 192
319 199
319 201
319 203
319 207
319 210
319 212
319 227
319 230
319 232
319 240
319 241
319 251
319 252
319 283
319 296
319 302
319 303
319 304
319 308
319 316
319 327
319 345
319 348
319 349
319 355
320 78
320 83
320 85
320 87
320 111
320 119
320 125
320 128
320 129
320 133
320 134
320 144
320 151
320 157
320 163
320 174
320 192
320 197
320 198
320 204
320 207
320 210
320 234
320 237
320 241
320 266
320 277
320 283
320 284
320 285
320 292
320 297
320 303
320 304
320 306
320 308
320 311
320 321
320 327
320 340
321 77
321 83
321 93
321 95
321 97
321 104
321 105
321 107
321 109
321 118
321 124
321 128
321 130
321 135
321 143
321 147
321 148
321 150
321 163
321 166
321 171
321 177
321 193
321 198
321 199
321 204
321 206
321 213
321 226
321 230
321 244
321 252
321 283
321 295
321 297
321 308
321 310
321 330
321 332
321 333
321 340
321 342
321 343
321 344
321 356
321 358
322 77
322 84
322 94
322 97
322 104
322 106
322 111
322 113
322 116
322 124
322 125
322 129
322 135
322 136
322 139
322 147
322 148
322 149
322 150
322 151
322 152
322 153
322 162
322 173
322 178
322 182
322 188
322 189
322 190
322 203
322 206
322 216
322 221
322 224
322 225
322 229
322 234
322 236
322 274
322 286
322 293
322 296
322 301
322 307
322 309
322 310
322 311
322 315
322 317
322 327
322 330
322 334
322 338
322 340
322 344
322 349
323 77
323 86
323 88
323 95
323 96
323 98
323 101
323 105
323 113
323 120
323 124
323 137
323 155
323 164
323 173
323 175
323 181
323 185
323 187
323 196
323 201
323 205
323 206
323 208
323 209
323 213
323 216
323 221
323 229
323 235
323 244
323 275
323 283
323 287
323 291
323 295
323 303
323 310
323 317
323 324
323 331
323 339
323 348
323 350
324 88
324 89
324 94
324 97
324 101
324 107
324 115
324 120
324 125
324 129
324 132
324 134
324 142
324 147
324 154
324 165
324 169
324 177
324 190
324 195
324 196
324 197
324 200
324 216
324 224
324 225
324 230
324 234
324 235
324 300
324 301
324 308
324 313
324 314
324 325
324 334
324 337
324 348
324 357
325 87
325 98
325 104
325 116
325 135
325 144
325 150
325 157
325 165
325 177
325 179
325 182
325 184
325 189
325 196
325 198
325 212
325 303
325 310
325 312
325 313
325 319
325 321
325 341
325 343
325 350
325 351
325 355
325 358
326 84
326 99
326 102
326 107
326 112
326 113
326 114
326 117
326 121
326 130
326 137
326 138
326 141
326 143
326 157
326 158
326 160
326 162
326 163
326 169
326 193
326 197
326 202
326 209
326 211
326 214
326 221
326 223
326 226
326 234
326 236
326 241
326 245
326 286
326 299
326 302
326 306
326 313
326 315
326 329
326 331
326 334
326 349
326 358
327 78
327 92
327 94
327 100
327 101
327 113
327 117
327 120
327 121
327 122
327 124
327 130
327 138
327 145
327 146
327 162
327 165
327 187
327 197
327 210
327 211
327 214
327 218
327 220
327 223
327 229
327 231
327 234
327 238
327 290
327 292
327 293
327 302
327 305
327 306
327 313
327 316
327 319
327 320
327 330
327 332
327 338
327 344
327 346
327 356
328 81
328 92
328 102
328 109
328 114
328 115
328 121
328 124
328 126
328 132
328 138
328 140
328 144
328 145
328 147
328 149
328 150
328 153
328 155
328 156
328 160
328 163
328 165
328 192
328 200
328 212
328 225
328 231
328 232
328 239
328 241
328 247
328 289
328 294
328 295
328 296
328 304
328 313
328 316
328 318
328 319
328 322
328 324
328 350
328 353
329 74
329 80
329 92
329 96
329 97
329 110
329 113
329 131
329 135
329 136
329 139
329 146
329 148
329 156
329 160
329 161
329 162
329 172
329 193
329 196
329 201
329 204
329 206
329 209
329 212
329 215
329 221
329 224
329 234
329 238
329 249
329 251
329 255
329 266
329 281
329 293
329 298
329 304
329 309
329 313
329 314
329 325
329 336
329 353
329 357
330 81
330 87
330 88
330 90
330 91
330 95
330 96
330 107
330 117
330 118
330 119
330 125
330 129
330 130
330 134
330 135
330 137
330 139
330 142
330 143
330 150
330 151
330 157
330 159
330 162
330 172
330 186
330 191
330 195
330 200
330 201
330 205
330 209
330 210
330 213
330 220
330 221
330 229
330 234
330 241
330 245
330 255
330 284
330 287
330 296
330 300
330 306
330 309
330 330
330 334
330 335
330 340
330 346
330 349
330 354
330 358
331 77
331 82
331 88
331 89
331 90
331 92
331 99
331 100
331 102
331 112
331 115
331 131
331 134
331 137
331 138
331 139
331 149
331 154
331 157
331 176
331 192
331 194
331 200
331 222
331 235
331 236
331 244
331 247
331 248
331 289
331 293
331 302
331 307
331 309
331 313
331 332
331 342
331 343
331 346
332 86
332 93
332 105
332 107
332 112
332 114
332 129
332 130
332 133
332 138
332 146
332 150
332 151
332 154
332 161
332 163
332 164
332 167
332 170
332 181
332 182
332 192
332 199
332 201
332 202
332 206
332 214
332 215
332 218
332 219
332 227
332 229
332 231
332 234
332 235
332 241
332 245
332 246
332 248
332 260
332 262
332 290
332 294
332 301
332 303
332 304
332 312
332 313
332 316
332 319
332 324
332 346
332 348
332 351
332 353
332 357
332 358
333 81
333 82
333 92
333 96
333 109
333 114
333 118
333 120
333 123
333 151
333 160
333 171
333 172
333 179
333 188
333 189
333 210
333 213
333 216
333 217
333 222
333 236
333 241
333 243
333 247
333 252
333 253
333 255
333 291
333 297
333 302
333 303
333 319
333 326
333 334
333 339
333 345
333 350
333 352
334 79
334 84
334 95
334 96
334 97
334 104
334 106
334 110
334 124
334 125
334 132
334 138
334 150
334 154
334 177
334 178
334 186
334 193
334 198
334 201
334 210
334 211
334 217
334 218
334 220
334 222
334 243
334 252
334 253
334 255
334 261
334 269
334 281
334 288
334 300
334 305
334 310
334 311
334 312
334 315
334 323
334 325
334 326
334 333
334 339
334 354
335 73
335 74
335 85
335 86
335 91
335 99
335 103
335 107
335 110
335 116
335 117
335 121
335 123
335 137
335 138
335 148
335 149
335 159
335 183
335 184
335 190
335 191
335 200
335 203
335 216
335 219
335 237
335 248
335 249
335 254
335 256
335 262
335 268
335 269
335 295
335 296
335 301
335 304
335 314
335 317
335 326
335 330
335 334
335 336
335 354
335 356
335 357
336 77
336 82
336 91
336 92
336 96
336 101
336 103
336 108
336 109
336 111
336 112
336 120
336 128
336 130
336 138
336 146
336 192
336 197
336 203
336 207
336 209
336 222
336 226
336 233
336 245
336 248
336 249
336 252
336 258
336 260
336 261
336 296
336 300
336 305
336 310
336 313
336 318
336 339
336 340
336 347
336 351
336 353
336 356
337 76
337 93
337 98
337 102
337 110
337 114
337 116
337 121
337 131
337 140
337 143
337 147
337 157
337 163
337 173
337 215
337 217
337 223
337 225
337 233
337 235
337 239
337 240
337 243
337 254
337 257
337 259
337 262
337 292
337 296
337 297
337 308
337 310
337 313
337 314
337 321
337 332
337 342
337 343
337 355
337 356
337 357
338 78
338 83
338 88
338 98
338 105
338 112
338 177
338 187
338 188
338 192
338 193
338 194
338 216
338 221
338 223
338 224
338 225
338 236
338 242
338 249
338 254
338 255
338 262
338 263
338 269
338 270
338 284
338 290
338 299
338 300
338 304
338 306
338 316
338 317
338 326
338 332
338 337
338 339
338 344
338 346
338 351
339 77
339 82
339 90
339 100
339 101
339 102
339 115
339 120
339 148
339 166
339 182
339 199
339 201
339 209
339 213
339 235
339 238
339 247
339 249
339 255
339 260
339 299
339 300
339 301
339 316
339 317
339 318
339 320
339 331
339 335
339 338
339 341
339 345
339 349
340 75
340 81
340 87
340 90
340 93
340 95
340 96
340 98
340 101
340 106
340 112
340 114
340 123
340 141
340 162
340 164
340 165
340 179
340 188
340 204
340 213
340 217
340 219
340 220
340 224
340 225
340 227
340 231
340 236
340 238
340 242
340 245
340 248
340 251
340 289
340 290
340 294
340 302
340 305
340 309
340 319
340 322
340 323
340 327
340 333
340 335
340 336
340 343
340 357
341 79
341 91
341 96
341 99
341 100
341 112
341 158
341 173
341 179
341 188
341 197
341 203
341 216
341 218
341 219
341 222
341 226
341 231
341 243
341 252
341 253
341 256
341 258
341 262
341 263
341 281
341 282
341 287
341 291
341 301
341 305
341 307
341 309
341 316
341 317
341 321
341 326
341 327
341 328
341 334
341 338
341 339
341 349
342 78
342 80
342 82
342 84
342 96
342 99
342 105
342 112
342 116
342 121
342 122
342 141
342 159
342 163
342 177
342 207
342 210
342 211
342 216
342 220
342 221
342 222
342 231
342 232
342 236
342 238
342 245
342 247
342 249
342 255
342 259
342 262
342 271
342 274
342 283
342 288
342 292
342 302
342 307
342 311
342 319
342 326
342 327
342 334
342 339
342 343
342 354
343 85
343 102
343 103
343 105
343 110
343 131
343 136
343 158
343 160
343 177
343 186
343 190
343 192
343 200
343 206
343 209
343 214
343 234
343 244
343 249
343 252
343 255
343 263
343 293
343 294
343 298
343 301
343 304
343 312
343 314
343 318
343 325
343 331
343 332
343 333
343 340
343 344
343 351
343 357
344 81
344 87
344 89
344 90
344 96
344 97
344 98
344 102
344 105
344 113
344 116
344 138
344 161
344 168
344 171
344 189
344 205
344 208
344 212
344 216
344 224
344 229
344 230
344 239
344 242
344 248
344 256
344 260
344 266
344 271
344 286
344 293
344 296
344 298
344 300
344 301
344 305
344 321
344 322
344 326
344 331
344 344
344 348
344 352
344 354
344 357
345 89
345 93
345 95
345 97
345 108
345 114
345 139
345 141
345 172
345 186
345 187
345 188
345 190
345 191
345 193
345 202
345 204
345 207
345 209
345 210
345 213
345 220
345 224
345 229
345 248
345 254
345 258
345 266
345 272
345 276
345 277
345 280
345 283
345 284
345 293
345 295
345 297
345 306
345 309
345 320
345 321
345 323
345 327
345 330
345 339
345 343
345 348
345 353
346 98
346 101
346 115
346 137
346 141
346 143
346 158
346 189
346 195
346 212
346 217
346 224
346 226
346 238
346 249
346 251
346 255
346 267
346 269
346 270
346 273
346 274
346 276
346 277
346 282
346 284
346 289
346 291
346 296
346 320
346 325
346 327
346 328
346 329
346 345
346 347
346 349
347 83
347 89
347 92
347 99
347 110
347 112
347 113
347 141
347 143
347 170
347 173
347 177
347 183
347 187
347 191
347 197
347 198
347 204
347 211
347 213
347 214
347 219
347 225
347 238
347 239
347 243
347 246
347 251
347 254
347 262
347 282
347 283
347 285
347 293
347 294
347 295
347 296
347 304
347 308
347 316
347 318
347 327
347 328
347 329
347 330
347 332
347 342
347 343
347 353
347 356
348 85
348 86
348 90
348 95
348 101
348 114
348 163
348 165
348 174
348 179
348 187
348 196
348 197
348 201
348 202
348 206
348 209
348 223
348 224
348 233
348 234
348 241
348 244
348 265
348 266
348 267
348 271
348 281
348 284
348 289
348 292
348 311
348 323
348 327
348 333
348 335
348 338
348 344
348 348
349 81
349 82
349 102
349 106
349 119
349 184
349 185
349 197
349 201
349 204
349 207
349 208
349 212
349 214
349 218
349 220
349 231
349 232
349 234
349 249
349 252
349 257
349 262
349 281
349 284
349 293
349 298
349 301
349 310
349 318
349 326
349 328
349 338
349 342
349 343
349 347
349 353
349 354
349 356
350 88
350 91
350 92
350 102
350 112
350 113
350 116
350 184
350 191
350 198
350 200
350 201
350 203
350 204
350 205
350 210
350 217
350 224
350 226
350 227
350 236
350 239
350 241
350 245
350 249
350 251
350 252
350 253
350 259
350 260
350 266
350 271
350 273
350 277
350 282
350 289
350 293
350 298
350 310
350 319
350 321
350 337
350 339
351 83
351 87
351 88
351 89
351 97
351 116
351 120
351 127
351 129
351 135
351 145
351 164
351 165
351 167
351 174
351 176
351 177
351 192
351 193
351 221
351 236
351 240
351 243
351 246
351 248
351 250
351 256
351 259
351 267
351 269
351 271
351 273
351 276
351 278
351 282
351 284
351 287
351 299
351 304
351 306
351 318
351 325
351 332
351 333
351 334
351 335
351 337
351 338
351 353
352 90
352 91
352 98
352 99
352 102
352 103
352 114
352 152
352 163
352 164
352 177
352 178
352 182
352 186
352 195
352 201
352 203
352 210
352 213
352 218
352 225
352 231
352 252
352 261
352 269
352 273
352 283
352 289
352 291
352 293
352 295
352 296
352 297
352 298
352 301
352 316
352 327
352 329
352 335
353 100
353 115
353 132
353 134
353 138
353 143
353 177
353 185
353 186
353 190
353 192
353 193
353 194
353 196
353 203
353 204
353 206
353 207
353 208
353 209
353 211
353 216
353 219
353 222
353 224
353 225
353 226
353 227
353 229
353 238
353 244
353 251
353 258
353 259
353 262
353 267
353 268
353 269
353 270
353 273
353 274
353 275
353 279
353 281
353 288
353 289
353 291
353 293
353 295
353 298
353 300
353 302
353 317
353 318
353 334
353 337
353 347
353 355
354 90
354 93
354 94
354 97
354 100
354 109
354 110
354 114
354 162
354 172
354 188
354 193
354 197
354 201
354 204
354 206
354 207
354 212
354 213
354 215
354 232
354 233
354 244
354 250
354 254
354 267
354 276
354 282
354 285
354 292
354 293
354 296
354 298
354 308
354 321
354 349
354 351
355 83
355 84
355 91
355 96
355 114
355 149
355 162
355 194
355 198
355 200
355 201
355 202
355 203
355 212
355 218
355 228
355 233
355 244
355 251
355 252
355 256
355 268
355 270
355 281
355 287
355 291
355 294
355 317
355 333
355 339
355 344
355 352
355 355
356 87
356 88
356 89
356 106
356 111
356 117
356 141
356 143
356 153
356 176
356 186
356 187
356 194
356 197
356 205
356 206
356 218
356 219
356 232
356 240
356 242
356 243
356 245
356 263
356 266
356 275
356 281
356 287
356 294
356 295
356 296
356 306
356 307
356 315
356 323
356 326
356 329
356 331
356 336
356 337
356 339
356 344
356 350
356 352
357 88
357 109
357 118
357 154
357 163
357 176
357 180
357 192
357 200
357 204
357 210
357 214
357 220
357 232
357 253
357 254
357 258
357 259
357 272
357 276
357 280
357 285
357 289
357 291
357 300
357 302
357 313
357 327
357 329
357 332
357 339
357 340
357 352
357 353
357 354
357 355
358 93
358 95
358 102
358 104
358 135
358 145
358 147
358 157
358 162
358 165
358 166
358 168
358 179
358 181
358 185
358 188
358 191
358 198
358 209
358 227
358 228
358 229
358 230
358 243
358 244
358 248
358 250
358 267
358 270
358 271
358 275
358 281
358 289
358 296
358 300
358 304
358 317
358 318
358 320
358 345
358 357
359 84
359 96
359 103
359 114
359 115
359 118
359 159
359 160
359 161
359 185
359 189
359 191
359 193
359 196
359 199
359 200
359 202
359 207
359 222
359 223
359 224
359 225
359 236
359 249
359 251
359 257
359 258
359 268
359 275
359 278
359 280
359 282
359 290
359 293
359 297
359 305
359 306
359 315
359 317
359 320
359 322
359 324
359 329
359 331
359 333
359 335
359 349
359 356
359 357
360 84
360 103
360 108
360 110
360 111
360 117
360 118
360 156
360 158
360 162
360 170
360 177
360 178
360 184
360 189
360 198
360 207
360 210
360 213
360 214
360 218
360 220
360 221
360 226
360 232
360 233
360 235
360 241
360 249
360 264
360 272
360 277
360 280
360 286
360 289
360 292
360 297
360 298
360 323
360 329
360 330
360 340
360 354
360 357
361 88
361 90
361 91
361 93
361 100
361 101
361 114
361 147
361 157
361 159
361 163
361 171
361 182
361 187
361 189
361 191
361 196
361 201
361 211
361 215
361 227
361 228
361 232
361 245
361 247
361 251
361 257
361 264
361 265
361 268
361 274
361 281
361 287
361 292
361 294
361 295
361 296
361 299
361 302
361 306
361 309
361 316
361 319
361 325
361 334
361 338
361 340
361 345
361 350
361 356
362 88
362 96
362 101
362 107
362 116
362 122
362 126
362 152
362 154
362 163
362 169
362 182
362 193
362 196
362 197
362 199
362 213
362 221
362 234
362 244
362 250
362 251
362 267
362 271
362 276
362 278
362 280
362 297
362 304
362 306
362 309
362 314
362 316
362 322
362 323
362 331
362 339
362 343
362 344
362 347
363 86
363 94
363 96
363 105
363 108
363 115
363 120
363 136
363 164
363 170
363 185
363 196
363 197
363 201
363 205
363 209
363 210
363 229
363 242
363 256
363 257
363 267
363 271
363 273
363 274
363 281
363 283
363 291
363 292
363 294
363 295
363 297
363 301
363 307
363 309
363 313
363 318
363 319
363 320
363 328
363 331
363 332
363 334
363 336
363 337
363 340
363 341
363 347
363 349
364 84
364 85
364 86
364 91
364 96
364 98
364 101
364 106
364 112
364 113
364 122
364 130
364 132
364 148
364 151
364 157
364 162
364 193
364 197
364 201
364 204
364 205
364 209
364 215
364 217
364 219
364 227
364 228
364 230
364 237
364 238
364 249
364 256
364 267
364 268
364 271
364 272
364 274
364 285
364 294
364 304
364 306
364 308
364 316
364 317
364 321
364 327
364 332
364 335
364 339
364 345
364 346
364 355
365 88
365 91
365 98
365 107
365 141
365 143
365 162
365 172
365 182
365 188
365 191
365 192
365 210
365 218
365 220
365 222
365 229
365 234
365 235
365 240
365 250
365 257
365 258
365 259
365 262
365 266
365 269
365 272
365 281
365 286
365 311
365 314
365 324
365 346
365 351
365 352
365 355
366 87
366 91
366 93
366 95
366 98
366 99
366 112
366 115
366 116
366 118
366 151
366 162
366 177
366 186
366 194
366 196
366 199
366 202
366 206
366 214
366 216
366 226
366 229
366 236
366 247
366 261
366 273
366 275
366 277
366 279
366 280
366 289
366 301
366 307
366 308
366 309
366 311
366 319
366 320
366 322
366 326
366 329
366 332
366 335
366 345
366 350
367 94
367 99
367 100
367 104
367 109
367 111
367 113
367 135
367 153
367 154
367 158
367 161
367 177
367 187
367 189
367 190
367 192
367 195
367 197
367 207
367 212
367 221
367 222
367 225
367 231
367 237
367 248
367 254
367 257
367 266
367 270
367 276
367 277
367 278
367 282
367 284
367 291
367 294
367 295
367 298
367 302
367 304
367 305
367 309
367 312
367 315
367 322
367 324
367 330
367 336
367 342
367 343
367 350
367 352
368 87
368 92
368 101
368 122
368 156
368 158
368 161
368 163
368 164
368 170
368 180
368 185
368 195
368 198
368 199
368 202
368 204
368 205
368 214
368 227
368 236
368 242
368 248
368 249
368 250
368 253
368 255
368 258
368 260
368 265
368 279
368 291
368 302
368 303
368 316
368 318
368 323
368 326
368 341
368 342
368 344
368 346
368 347
368 351
369 91
369 94
369 95
369 109
369 131
369 144
369 157
369 161
369 184
369 196
369 203
369 204
369 208
369 209
369 211
369 212
369 215
369 217
369 220
369 222
369 224
369 227
369 240
369 249
369 250
369 252
369 255
369 261
369 266
369 269
369 272
369 274
369 280
369 292
369 296
369 298
369 299
369 300
369 301
369 311
369 314
369 320
369 325
369 337
369 349
370 97
370 102
370 117
370 121
370 142
370 157
370 161
370 162
370 164
370 166
370 173
370 181
370 193
370 194
370 202
370 208
370 214
370 215
370 229
370 236
370 237
370 240
370 244
370 246
370 247
370 250
370 258
370 259
370 260
370 261
370 263
370 265
370 266
370 267
370 269
370 270
370 271
370 282
370 285
370 289
370 291
370 293
370 297
370 299
370 301
370 302
370 306
370 313
370 317
370 319
370 323
370 333
370 334
370 347
370 349
371 98
371 102
371 106
371 108
371 116
371 118
371 122
371 123
371 139
371 141
371 142
371 162
371 172
371 174
371 180
371 187
371 199
371 204
371 207
371 210
371 211
371 217
371 220
371 226
371 232
371 258
371 262
371 267
371 270
371 274
371 275
371 277
371 281
371 282
371 284
371 286
371 287
371 292
371 293
371 300
371 302
371 309
371 318
371 324
371 341
371 345
371 346
372 118
372 126
372 140
372 143
372 145
372 148
372 151
372 157
372 171
372 179
372 180
372 183
372 197
372 198
372 201
372 202
372 236
372 243
372 254
372 261
372 276
372 280
372 284
372 287
372 288
372 292
372 296
372 313
372 314
372 334
372 336
372 338
372 343
373 104
373 141
373 154
373 158
373 160
373 162
373 163
373 166
373 184
373 209
373 210
373 216
373 217
373 224
373 236
373 248
373 256
373 257
373 259
373 260
373 266
373 273
373 274
373 275
373 283
373 290
373 293
373 296
373 297
373 298
373 332
373 339
373 340
374 97
374 99
374 103
374 112
374 117
374 123
374 128
374 148
374 154
374 161
374 164
374 167
374 170
374 184
374 185
374 191
374 194
374 200
374 201
374 204
374 208
374 214
374 225
374 228
374 236
374 241
374 242
374 248
374 255
374 260
374 265
374 268
374 271
374 283
374 285
374 291
374 292
374 293
374 298
374 302
374 310
374 320
374 324
374 326
374 339
375 101
375 107
375 108
375 140
375 146
375 156
375 184
375 214
375 218
375 222
375 224
375 226
375 233
375 234
375 235
375 239
375 254
375 256
375 260
375 261
375 267
375 268
375 280
375 287
375 288
375 290
375 295
375 297
376 101
376 103
376 105
376 122
376 140
376 148
376 159
376 162
376 169
376 184
376 189
376 198
376 203
376 205
376 212
376 213
376 225
376 238
376 250
376 256
376 262
376 266
376 268
376 269
376 281
376 295
376 299
377 103
377 105
377 122
377 126
377 154
377 161
377 163
377 165
377 177
377 179
377 192
377 195
377 200
377 201
377 202
377 205
377 210
377 218
377 222
377 223
377 229
377 233
377 236
377 253
377 255
377 259
377 266
377 267
377 268
377 274
377 275
377 278
377 280
377 283
377 301
377 303
378 105
378 106
378 117
378 118
378 121
378 127
378 129
378 150
378 152
378 157
378 159
378 160
378 163
378 164
378 168
378 178
378 184
378 186
378 191
378 192
378 211
378 213
378 215
378 221
378 222
378 225
378 234
378 237
378 242
378 250
378 252
378 255
378 258
378 267
378 285
378 293
378 298
378 302
379 106
379 109
379 115
379 124
379 126
379 162
379 178
379 183
379 190
379 191
379 194
379 197
379 206
379 210
379 211
379 217
379 218
379 219
379 233
379 254
379 270
379 272
379 277
379 283
379 289
379 291
379 292
379 297
379 302
380 110
380 113
380 119
380 133
380 150
380 152
380 155
380 158
380 159
380 162
380 164
380 168
380 176
380 180
380 187
380 194
380 195
380 196
380 198
380 214
380 219
380 225
380 226
380 236
380 240
380 253
380 255
380 256
380 262
380 266
380 268
380 273
380 290
380 297
380 298
380 300
380 304
381 108
381 133
381 150
381 154
381 160
381 190
381 191
381 192
381 194
381 197
381 207
381 217
381 220
381 230
381 232
381 234
381 244
381 270
381 276
381 278
381 281
381 291
381 295
381 301
381 302
382 114
382 124
382 127
382 141
382 157
382 164
382 182
382 187
382 189
382 191
382 197
382 210
382 216
382 221
382 227
382 238
382 239
382 242
382 244
382 255
382 257
382 266
382 268
382 269
382 274
382 279
382 292
382 296
382 301
382 303
382 304
383 116
383 122
383 124
383 126
383 127
383 136
383 140
383 143
383 144
383 147
383 149
383 153
383 155
383 161
383 165
383 176
383 178
383 184
383 186
383 189
383 192
383 196
383 199
383 201
383 206
383 208
383 211
383 219
383 222
383 224
383 235
383 237
383 238
383 241
383 246
383 252
383 255
383 257
383 260
383 261
383 265
383 271
383 282
383 294
383 304
384 115
384 118
384 119
384 122
384 129
384 130
384 132
384 135
384 136
384 137
384 146
384 151
384 154
384 157
384 171
384 175
384 178
384 182
384 187
384 188
384 191
384 211
384 217
384 218
384 226
384 229
384 234
384 236
384 238
384 243
384 245
384 248
384 250
384 255
384 260
384 261
384 263
384 268
384 278
384 284
384 285
384 292
384 296
384 297
384 303
385 114
385 115
385 126
385 131
385 134
385 139
385 155
385 157
385 161
385 164
385 171
385 183
385 185
385 187
385 201
385 207
385 214
385 217
385 234
385 235
385 237
385 242
385 244
385 249
385 251
385 257
385 258
385 260
385 266
385 271
385 277
385 290
385 291
385 293
385 299
386 117
386 122
386 123
386 136
386 139
386 146
386 149
386 161
386 171
386 182
386 189
386 196
386 212
386 216
386 229
386 231
386 233
386 235
386 237
386 241
386 242
386 248
386 252
386 257
386 259
386 260
386 266
386 283
386 285
386 297
386 301
386 305
387 116
387 130
387 132
387 133
387 137
387 141
387 143
387 145
387 156
387 158
387 168
387 171
387 172
387 183
387 192
387 201
387 203
387 209
387 213
387 223
387 240
387 261
387 272
387 278
387 280
387 284
387 285
387 286
387 295
387 298
388 121
388 134
388 135
388 137
388 139
388 149
388 156
388 157
388 159
388 162
388 180
388 182
388 187
388 194
388 195
388 196
388 210
388 222
388 229
388 234
388 239
388 245
388 253
388 262
388 264
388 266
388 270
388 271
388 275
388 280
388 282
388 283
388 284
388 287
388 291
388 293
389 138
389 141
389 173
389 175
389 181
389 190
389 193
389 207
389 213
389 214
389 215
389 220
389 228
389 244
389 251
389 268
389 270
389 272
389 278
389 280
389 290
389 293
389 294
389 295
389 296
389 298
389 300
389 303
390 131
390 138
390 144
390 146
390 148
390 149
390 153
390 161
390 177
390 184
390 186
390 192
390 196
390 198
390 219
390 222
390 225
390 234
390 238
390 243
390 244
390 246
390 253
390 254
390 255
390 261
390 272
390 277
390 280
390 289
390 291
390 293
390 296
391 122
391 127
391 135
391 155
391 161
391 178
391 184
391 190
391 196
391 198
391 200
391 201
391 216
391 222
391 224
391 234
391 237
391 243
391 245
391 254
391 265
391 266
391 267
391 270
391 275
391 278
391 281
391 282
391 283
391 284
391 288
391 289
391 303
391 306
392 127
392 135
392 138
392 139
392 151
392 155
392 157
392 177
392 182
392 186
392 190
392 195
392 199
392 200
392 212
392 213
392 226
392 228
392 230
392 231
392 242
392 243
392 248
392 254
392 261
392 278
392 281
392 283
392 296
393 128
393 156
393 158
393 160
393 163
393 170
393 174
393 178
393 184
393 196
393 198
393 201
393 207
393 211
393 215
393 219
393 220
393 224
393 228
393 233
393 238
393 248
393 252
393 254
393 260
393 267
393 297
393 299
393 300
394 127
394 128
394 136
394 142
394 147
394 148
394 164
394 165
394 172
394 174
394 181
394 182
394 191
394 210
394 219
394 220
394 221
394 226
394 236
394 268
394 274
394 280
394 281
394 288
394 289
394 291
394 295
394 303
395 125
395 137
395 141
395 145
395 156
395 163
395 172
395 174
395 176
395 185
395 187
395 193
395 197
395 202
395 203
395 206
395 209
395 210
395 221
395 225
395 226
395 227
395 228
395 229
395 245
395 249
395 250
395 257
395 263
395 273
395 274
395 277
395 283
395 285
395 302
396 126
396 130
396 138
396 157
396 176
396 188
396 190
396 191
396 199
396 202
396 210
396 213
396 216
396 217
396 219
396 222
396 230
396 232
396 240
396 244
396 250
396 252
396 261
396 262
396 266
396 269
396 270
396 278
396 280
396 297
396 301
396 304
397 127
397 128
397 134
397 141
397 147
397 150
397 158
397 161
397 168
397 174
397 182
397 183
397 191
397 194
397 198
397 199
397 210
397 212
397 213
397 215
397 221
397 224
397 225
397 231
397 232
397 235
397 236
397 240
397 249
397 250
397 263
397 269
397 270
397 273
397 274
397 276
397 284
397 285
397 288
397 291
397 295
397 301
398 121
398 123
398 137
398 145
398 149
398 157
398 159
398 179
398 181
398 183
398 187
398 197
398 204
398 207
398 212
398 220
398 228
398 235
398 239
398 245
398 247
398 249
398 253
398 254
398 255
398 259
398 276
398 278
398 282
398 283
398 293
398 295
399 124
399 125
399 126
399 141
399 147
399 159
399 160
399 161
399 162
399 164
399 166
399 175
399 177
399 185
399 189
399 197
399 202
399 203
399 204
399 210
399 211
399 212
399 216
399 221
399 222
399 225
399 232
399 233
399 246
399 249
399 251
399 260
399 269
399 274
399 278
399 287
399 294
399 300
399 303
400 121
400 122
400 125
400 126
400 135
400 137
400 141
400 144
400 152
400 158
400 159
400 163
400 165
400 175
400 179
400 184
400 198
400 202
400 208
400 210
400 211
400 217
400 219
400 225
400 226
400 231
400 233
400 234
400 237
400 245
400 260
400 263
400 268
400 272
400 282
400 283
400 285
400 288
400 296
400 300
401 128
401 132
401 133
401 143
401 145
401 146
401 151
401 153
401 178
401 179
401 184
401 185
401 187
401 189
401 190
401 199
401 212
401 213
401 214
401 224
401 234
401 235
401 236
401 246
401 265
401 266
401 267
401 280
401 290
401 293
401 295
401 299
401 302
402 139
402 140
402 144
402 152
402 161
402 163
402 200
402 203
402 211
402 212
402 215
402 220
402 227
402 233
402 235
402 245
402 247
402 248
402 250
402 251
402 256
402 260
402 262
402 281
402 289
402 290
402 293
403 131
403 135
403 138
403 139
403 142
403 147
403 167
403 177
403 179
403 184
403 191
403 192
403 198
403 199
403 200
403 202
403 206
403 211
403 212
403 215
403 226
403 230
403 233
403 237
403 239
403 245
403 246
403 250
403 255
403 257
403 264
403 271
403 284
403 289
403 302
404 133
404 142
404 146
404 158
404 162
404 166
404 167
404 173
404 175
404 181
404 182
404 183
404 186
404 190
404 198
404 206
404 209
404 210
404 211
404 214
404 216
404 218
404 228
404 230
404 231
404 233
404 234
404 249
404 251
404 257
404 260
404 263
404 267
404 274
404 281
404 285
404 295
405 135
405 147
405 149
405 155
405 161
405 164
405 165
405 173
405 178
405 181
405 186
405 196
405 207
405 212
405 214
405 215
405 216
405 219
405 228
405 229
405 232
405 233
405 243
405 245
405 255
405 259
405 260
405 261
405 270
405 279
405 292
405 297
406 138
406 145
406 150
406 152
406 153
406 162
406 168
406 180
406 190
406 195
406 203
406 204
406 206
406 213
406 225
406 228
406 230
406 232
406 235
406 236
406 238
406 241
406 242
406 269
406 271
406 272
406 278
406 282
406 291
406 304
406 306
407 130
407 138
407 147
407 155
407 164
407 170
407 171
407 177
407 197
407 199
407 200
407 201
407 207
407 210
407 217
407 227
407 231
407 232
407 235
407 239
407 243
407 257
407 261
407 266
407 267
407 273
407 274
407 275
407 279
407 288
407 295
407 299
407 301
407 304
408 123
408 132
408 139
408 140
408 150
408 155
408 159
408 160
408 163
408 170
408 180
408 185
408 191
408 198
408 200
408 205
408 206
408 210
408 218
408 224
408 227
408 229
408 230
408 231
408 235
408 242
408 246
408 247
408 249
408 251
408 258
408 262
408 264
408 269
408 279
408 285
408 289
408 292
408 295
408 297
408 304
409 122
409 125
409 130
409 138
409 140
409 145
409 152
409 157
409 161
409 162
409 170
409 177
409 181
409 182
409 183
409 190
409 192
409 194
409 197
409 199
409 201
409 204
409 210
409 213
409 219
409 234
409 242
409 243
409 257
409 269
409 270
409 274
409 275
409 297
409 302
409 303
409 306
410 133
410 134
410 136
410 144
410 145
410 148
410 151
410 153
410 158
410 159
410 174
410 178
410 188
410 189
410 191
410 199
410 202
410 203
410 205
410 207
410 222
410 227
410 228
410 230
410 247
410 248
410 259
410 265
410 268
410 272
410 291
410 293
410 294
410 301
410 302
411 124
411 133
411 140
411 143
411 149
411 150
411 158
411 165
411 175
411 194
411 198
411 202
411 203
411 204
411 212
411 214
411 215
411 217
411 223
411 233
411 240
411 245
411 246
411 248
411 250
411 251
411 260
411 269
411 271
411 277
411 278
411 296
411 299
412 134
412 138
412 141
412 147
412 148
412 155
412 156
412 157
412 164
412 175
412 178
412 182
412 198
412 202
412 203
412 208
412 212
412 213
412 215
412 217
412 221
412 223
412 229
412 234
412 235
412 247
412 251
412 271
412 273
412 280
412 288
412 298
412 299
413 131
413 135
413 137
413 142
413 145
413 151
413 154
413 163
413 178
413 181
413 190
413 194
413 197
413 203
413 205
413 207
413 212
413 217
413 222
413 223
413 229
413 231
413 235
413 246
413 248
413 257
413 264
413 267
413 269
413 270
413 290
413 293
413 294
413 295
413 296
414 130
414 131
414 133
414 146
414 149
414 151
414 158
414 159
414 171
414 181
414 185
414 186
414 192
414 194
414 196
414 214
414 218
414 220
414 223
414 224
414 225
414 227
414 228
414 238
414 244
414 248
414 249
414 254
414 256
414 260
414 266
414 285
414 298
414 300
414 302
414 304
415 132
415 142
415 144
415 147
415 148
415 149
415 160
415 164
415 172
415 183
415 192
415 194
415 196
415 205
415 211
415 212
415 214
415 216
415 217
415 221
415 223
415 226
415 242
415 248
415 249
415 257
415 280
415 282
415 283
415 302
416 126
416 135
416 145
416 149
416 150
416 153
416 156
416 157
416 164
416 167
416 175
416 182
416 184
416 193
416 199
416 201
416 206
416 207
416 212
416 216
416 227
416 229
416 236
416 245
416 246
416 253
416 255
416 258
416 263
416 266
416 268
416 276
416 282
416 288
416 305
417 127
417 133
417 135
417 142
417 144
417 150
417 152
417 156
417 159
417 160
417 163
417 169
417 181
417 184
417 197
417 200
417 201
417 205
417 206
417 211
417 217
417 218
417 226
417 233
417 235
417 237
417 241
417 250
417 261
417 263
417 273
417 276
417 279
417 281
417 287
417 295
417 301
417 304
418 132
418 135
418 136
418 137
418 153
418 156
418 160
418 173
418 174
418 187
418 193
418 196
418 197
418 205
418 206
418 215
418 224
418 228
418 230
418 233
418 237
418 238
418 240
418 241
418 244
418 246
418 247
418 252
418 258
418 264
418 269
418 278
418 282
418 283
418 284
418 285
418 287
418 290
418 305
419 123
419 140
419 144
419 146
419 147
419 153
419 162
419 167
419 174
419 181
419 182
419 192
419 206
419 208
419 220
419 223
419 226
419 230
419 236
419 239
419 251
419 252
419 258
419 260
419 262
419 266
419 267
419 279
419 285
419 289
419 294
419 295
419 299
419 302
420 127
420 131
420 140
420 143
420 148
420 150
420 154
420 161
420 163
420 178
420 179
420 183
420 188
420 193
420 206
420 218
420 219
420 232
420 240
420 243
420 249
420 253
420 262
420 268
420 269
420 271
420 276
420 283
420 291
420 294
420 297
420 303
421 121
421 134
421 135
421 139
421 149
421 152
421 158
421 161
421 186
421 187
421 192
421 196
421 203
421 207
421 208
421 213
421 214
421 216
421 233
421 245
421 246
421 248
421 251
421 272
421 275
421 278
421 283
421 285
421 286
421 292
421 295
421 299
421 303
421 305
421 307
422 130
422 131
422 133
422 144
422 145
422 152
422 153
422 157
422 159
422 160
422 171
422 178
422 181
422 194
422 195
422 196
422 200
422 202
422 203
422 214
422 215
422 218
422 219
422 221
422 226
422 227
422 236
422 237
422 242
422 247
422 255
422 261
422 266
422 273
422 279
422 284
422 286
422 294
422 297
422 298
422 301
423 123
423 125
423 136
423 150
423 151
423 152
423 163
423 178
423 187
423 190
423 208
423 218
423 221
423 227
423 236
423 242
423 245
423 251
423 258
423 265
423 273
423 302
423 305
423 306
423 308
424 119
424 120
424 131
424 134
424 135
424 136
424 137
424 138
424 146
424 148
424 151
424 152
424 155
424 168
424 177
424 182
424 185
424 189
424 191
424 192
424 194
424 199
424 202
424 205
424 209
424 212
424 214
424 217
424 225
424 226
424 227
424 228
424 230
424 236
424 247
424 257
424 260
424 261
424 264
424 265
424 284
424 287
424 291
424 292
424 293
424 298
424 299
424 305
424 307
425 119
425 123
425 139
425 143
425 144
425 158
425 162
425 163
425 178
425 182
425 183
425 184
425 185
425 193
425 194
425 206
425 217
425 220
425 222
425 232
425 240
425 242
425 247
425 250
425 254
425 260
425 269
425 276
425 285
425 286
425 298
425 306
425 307
426 121
426 124
426 149
426 151
426 153
426 157
426 197
426 200
426 216
426 219
426 222
426 235
426 248
426 249
426 255
426 271
426 272
426 280
426 291
426 294
426 295
426 297
426 304
426 305
426 309
427 134
427 135
427 140
427 141
427 142
427 149
427 150
427 153
427 164
427 171
427 177
427 184
427 185
427 186
427 189
427 196
427 198
427 200
427 202
427 207
427 212
427 215
427 219
427 228
427 231
427 233
427 241
427 246
427 251
427 253
427 264
427 272
427 275
427 300
427 306
427 311
428 123
428 128
428 137
428 140
428 145
428 148
428 152
428 170
428 175
428 177
428 179
428 182
428 186
428 189
428 197
428 201
428 211
428 213
428 216
428 217
428 222
428 225
428 228
428 231
428 234
428 244
428 259
428 260
428 270
428 278
428 287
428 289
428 291
428 292
429 121
429 125
429 129
429 134
429 137
429 142
429 149
429 156
429 164
429 175
429 178
429 195
429 201
429 208
429 212
429 213
429 225
429 227
429 230
429 233
429 238
429 252
429 256
429 257
429 258
429 261
429 266
429 267
429 270
429 271
429 273
429 280
429 281
429 282
429 290
429 297
429 298
429 299
430 137
430 142
430 144
430 146
430 147
430 157
430 159
430 160
430 168
430 178
430 181
430 182
430 186
430 188
430 189
430 192
430 195
430 197
430 198
430 199
430 206
430 210
430 215
430 217
430 220
430 222
430 223
430 224
430 227
430 229
430 241
430 242
430 246
430 253
430 255
430 256
430 259
430 262
430 284
430 292
430 302
430 305
431 120
431 123
431 130
431 140
431 141
431 143
431 145
431 148
431 153
431 154
431 161
431 174
431 183
431 186
431 188
431 198
431 207
431 220
431 221
431 230
431 235
431 237
431 242
431 245
431 251
431 277
431 280
431 281
431 293
431 294
431 297
431 308
432 123
432 128
432 137
432 142
432 144
432 146
432 148
432 155
432 156
432 157
432 182
432 183
432 190
432 193
432 194
432 198
432 207
432 211
432 216
432 229
432 244
432 245
432 247
432 252
432 261
432 271
432 274
432 283
432 291
432 293
432 295
432 308
433 122
433 126
433 138
433 141
433 145
433 157
433 161
433 163
433 167
433 182
433 186
433 187
433 192
433 195
433 197
433 199
433 214
433 215
433 221
433 227
433 231
433 235
433 242
433 246
433 253
433 263
433 269
433 280
433 282
433 285
433 290
433 292
433 307
434 100
434 117
434 127
434 132
434 135
434 139
434 145
434 148
434 167
434 169
434 176
434 180
434 184
434 186
434 193
434 202
434 206
434 210
434 212
434 216
434 219
434 225
434 237
434 259
434 262
434 264
434 273
434 283
434 284
434 290
434 303
435 97
435 116
435 121
435 123
435 130
435 138
435 140
435 141
435 149
435 152
435 153
435 154
435 155
435 157
435 159
435 160
435 179
435 192
435 198
435 199
435 202
435 205
435 206
435 215
435 223
435 224
435 228
435 236
435 239
435 241
435 246
435 251
435 257
435 263
435 268
435 269
435 273
435 275
435 278
435 280
435 285
435 286
435 294
435 298
435 299
435 301
435 305
435 307
436 133
436 137
436 143
436 145
436 148
436 149
436 154
436 160
436 169
436 171
436 182
436 184
436 188
436 189
436 206
436 222
436 226
436 230
436 233
436 236
436 242
436 244
436 255
436 257
436 258
436 260
436 271
436 273
436 275
436 278
436 286
436 287
436 290
436 293
436 297
436 301
437 116
437 127
437 129
437 130
437 143
437 145
437 149
437 152
437 159
437 161
437 164
437 169
437 180
437 183
437 185
437 190
437 196
437 197
437 199
437 208
437 218
437 220
437 224
437 228
437 233
437 234
437 238
437 244
437 253
437 259
437 260
437 268
437 269
437 272
437 276
437 287
437 306
437 309
438 133
438 142
438 150
438 151
438 152
438 160
438 176
438 180
438 187
438 195
438 196
438 197
438 207
438 213
438 218
438 228
438 237
438 239
438 240
438 241
438 251
438 258
438 267
438 272
438 273
438 283
438 312
439 124
439 132
439 141
439 143
439 145
439 151
439 152
439 156
439 157
439 161
439 189
439 197
439 202
439 205
439 207
439 209
439 214
439 216
439 221
439 225
439 236
439 237
439 244
439 251
439 255
439 256
439 257
439 265
439 266
439 270
439 277
439 286
439 289
439 291
439 294
439 296
439 306
439 307
439 310
440 1
440 92
440 133
440 144
440 145
440 149
440 150
440 167
440 173
440 179
440 181
440 182
440 195
440 196
440 212
440 216
440 217
440 218
440 221
440 225
440 226
440 228
440 231
440 234
440 236
440 258
440 271
440 276
440 278
440 279
440 280
440 281
440 289
440 299
440 304
440 308
440 309
441 1
441 115
441 117
441 128
441 130
441 139
441 150
441 182
441 187
441 203
441 206
441 209
441 210
441 214
441 217
441 221
441 224
441 234
441 238
441 243
441 244
441 245
441 249
441 252
441 260
441 282
441 302
441 303
441 309
441 312
442 120
442 122
442 125
442 131
442 137
442 138
442 148
442 151
442 155
442 158
442 159
442 174
442 178
442 183
442 185
442 187
442 190
442 194
442 198
442 200
442 202
442 207
442 208
442 211
442 216
442 220
442 225
442 226
442 228
442 236
442 239
442 262
442 266
442 267
442 270
442 274
442 288
442 290
442 299
442 307
443 119
443 120
443 123
443 136
443 146
443 149
443 169
443 181
443 191
443 192
443 195
443 196
443 198
443 199
443 201
443 205
443 207
443 216
443 228
443 230
443 246
443 248
443 250
443 257
443 259
443 263
443 265
443 270
443 275
443 292
443 295
443 296
443 298
443 300
444 45
444 46
444 52
444 82
444 115
444 117
444 122
444 147
444 156
444 158
444 173
444 176
444 181
444 192
444 193
444 196
444 198
444 205
444 207
444 226
444 229
444 232
444 255
444 260
444 264
444 267
444 270
444 276
444 277
444 282
444 292
444 299
444 302
445 55
445 121
445 134
445 135
445 136
445 137
445 146
445 154
445 155
445 160
445 167
445 172
445 180
445 187
445 188
445 193
445 198
445 213
445 225
445 229
445 236
445 238
445 243
445 259
445 264
445 286
445 291
445 292
445 294
445 306
445 307
446 52
446 71
446 82
446 83
446 121
446 122
446 124
446 125
446 126
446 132
446 138
446 139
446 142
446 144
446 154
446 156
446 158
446 160
446 162
446 163
446 172
446 177
446 180
446 182
446 186
446 188
446 190
446 192
446 193
446 194
446 197
446 199
446 205
446 208
446 212
446 213
446 217
446 218
446 225
446 231
446 244
446 258
446 263
446 273
446 280
446 295
446 304
446 309
446 310
446 316
447 3
447 35
447 85
447 114
447 127
447 142
447 143
447 144
447 152
447 156
447 158
447 161
447 167
447 172
447 177
447 181
447 193
447 203
447 218
447 220
447 223
447 225
447 232
447 235
447 250
447 261
447 265
447 269
447 272
447 276
447 280
447 282
447 284
447 288
447 290
447 294
447 298
447 303
447 304
447 306
447 341
447 351
448 70
448 123
448 127
448 133
448 135
448 140
448 141
448 149
448 153
448 161
448 177
448 182
448 184
448 193
448 194
448 213
448 216
448 231
448 232
448 246
448 258
448 263
448 268
448 271
448 272
448 277
448 280
448 282
448 283
448 289
448 290
448 291
448 292
448 303
448 311
448 345
20
15
22
15
18
10
17
21
21
21
20
10
19
13
13
11
22
19
21
18
11
